938,1790734513,1580481,2182357
3701,1790734749,2121243,0
669,1790735498,2136273,0
1120,1790735993,2102310,0
6205,1790736185,2084332,656147
9333,1790738094,2067012,0
4582,1790738643,2114370,2092609
6285,1790738899,1752476,0
3307,1790739000,2062192,2175860
3307,1790739000,2062192,2062192
5223,1790739284,2002238,0
1536,1790739738,2121243,0
765,1790739909,2132828,0
6594,1790740386,1907385,2134428
6594,1790740386,1907385,1907385
5172,1790740994,2177105,2173262
5577,1790741334,1615111,0
1212,1790741396,888810,2174772
1212,1790741396,888810,888810
706,1790742601,1587053,15527
3602,1790742648,1587053,15527
7568,1790743459,1515545,2096081
5342,1790743525,684733,0
2516,1790743561,240304,1078293
8720,1790744303,2184427,0
8897,1790744456,1894432,488498
3653,1790745172,1571842,0
209,1790745564,254189,0
4738,1790745880,1833730,2080999
3044,1790746934,2132828,0
2283,1790747618,1595726,0
7261,1790747648,1041417,0
5345,1790748271,2027527,0
5623,1790748373,2179989,0
2807,1790749058,1271321,0
8334,1790749398,1075536,0
6136,1790749585,2064866,0
3455,1790749706,1586763,0
9205,1790749951,1783178,0
8671,1790750001,1317137,0
8671,1790750002,1317137,1317137
8385,1790750655,2184275,0
1607,1790751767,2183422,0
7924,1790752459,2084332,2142901
4988,1790752642,2136214,0
1650,1790752943,2130145,2131441
6510,1790753350,2085697,1370083
6510,1790753350,2085697,2085697
3786,1790753977,1783692,0
7060,1790754297,1825930,2184287
2145,1790754562,2181774,946962
3963,1790755417,835134,2177327
6492,1790755704,2084332,2142901
10544,1790757787,1961435,0
780,1790758116,2181431,0
339,1790758192,1580481,2182357
8472,1790759571,2183481,2173719
4092,1790760017,278359,1475038
1797,1790760893,1174348,0
8626,1790761419,1731373,0
7,1790762228,2179516,0
5425,1790762433,1887375,0
1823,1790762973,2183483,0
8517,1790763051,2176673,2178080
5145,1790763261,2175174,0
7992,1790763614,1075536,0
7802,1790764082,862424,0
4602,1790764944,2183482,0
770,1790765026,1571842,0
2887,1790765101,2059063,0
5590,1790765302,2113999,0
1373,1790765776,2181669,0
538,1790766007,2109652,0
5000,1790767168,2140134,0
8779,1790767365,1751869,0
9458,1790767668,2181217,1379818
4467,1790768351,2031095,0
7233,1790768659,2184285,0
8415,1790768707,1405084,0
1002,1790769565,1320170,0
2545,1790769856,278359,1475038
3926,1790770976,1545062,0
4527,1790771510,2182267,2182274
4205,1790771758,2103338,0
4746,1790773241,2183482,0
1009,1790773303,278359,1475038
39,1790773810,2181708,0
2806,1790774194,1187462,0
5729,1790774839,2184324,2181835
10349,1790774902,2133518,0
3089,1790774934,741002,0
3457,1790775709,866900,0
5442,1790775787,2118644,0
7880,1790775893,2179095,0
4443,1790775963,1833730,2080999
5466,1790776149,1553266,0
7549,1790776432,1887375,1437428
4733,1790776527,1173630,0
1919,1790776674,2021767,15527
2039,1790776811,1745999,331657
7512,1790777523,1825930,2184287
6709,1790777545,2132828,0
2123,1790777722,2178811,0
6675,1790777767,1752476,0
4321,1790778381,1666646,0
10845,1790779832,2058795,0
7020,1790780079,2116934,0
3606,1790780250,1783692,0
8691,1790780866,1075536,0
8367,1790780897,537507,0
4576,1790781499,1833730,2080999
2370,1790781523,1187462,0
5843,1790782232,1934829,0
1829,1790783466,1833730,2080999
1829,1790783468,1833730,1833730
4115,1790783694,1783692,0
2866,1790783800,2183491,2121468
4610,1790784075,2126523,0
3958,1790785049,1546340,2132110
7407,1790785128,2140980,2092734
3338,1790785361,1945137,0
9608,1790785372,2133518,0
4832,1790785491,2113999,0
4905,1790785667,2181542,2117494
1568,1790786168,2122743,577826
5243,1790787077,2021767,0
1476,1790787241,2076485,0
661,1790787483,1137765,0
6099,1790787792,1833730,0
183,1790788163,2128799,0
183,1790788163,2128799,2128799
8953,1790788491,2133408,0
2497,1790788725,1271321,2175860
6119,1790788948,1390210,656147
7246,1790788961,1515545,2143421
2672,1790789010,1845090,0
2780,1790789143,2131544,0
2057,1790789191,1271321,2175860
5553,1790789378,2118644,0
6925,1790789585,2084332,656147
5285,1790790273,2118644,0
199,1790790563,1989499,0
2415,1790790910,2073585,2086782
2062,1790791866,2136214,0
5066,1790791889,2140134,0
3237,1790792009,925391,0
638,1790793050,1994814,0
9612,1790793130,1691132,0
4632,1790793492,1875804,1233703
6725,1790794930,1173630,2184207
5295,1790795877,2113999,0
2119,1790796113,1820949,0
4016,1790796515,2176985,0
8587,1790797139,2098997,0
8643,1790797311,1075536,0
8281,1790797492,2183634,0
8947,1790797505,1783178,0
1377,1790798783,2132828,0
4388,1790798980,2177759,0
11464,1790799002,2181523,0
1650,1790799661,2131441,2130145
3471,1790799773,2130145,0
6158,1790799787,926570,0
10041,1790800228,1894074,0
4181,1790800265,2113964,0
2388,1790800332,266664,0
3673,1790800425,2121243,0
455,1790800548,2126523,0
4614,1790800792,1595726,0
6017,1790800838,1833730,0
5490,1790801206,1833730,0
3809,1790801305,1963398,0
8564,1790802116,1751869,0
11296,1790802118,28243,0
6357,1790802144,1945137,0
9260,1790802191,1922589,0
5480,1790803033,2123609,0
671,1790803267,1783692,0
8332,1790803305,2133408,0
6077,1790803320,1657363,0
4481,1790803350,2132828,0
8877,1790803723,2126990,2007265
9870,1790803758,1731373,0
2027,1790804635,2178638,0
3410,1790804910,2136699,0
6738,1790804944,1833730,0
1908,1790805635,1747712,747111
10780,1790805853,1961435,0
2890,1790806722,1820949,0
4154,1790806820,19450,2182274
4154,1790806821,19450,19450
4154,1790806867,2182271,19450
4589,1790807106,1783692,0
1431,1790807387,1747712,747111
6501,1790807458,301920,0
208,1790807532,2176997,0
4099,1790807999,1907385,0
90,1790808778,1651308,0
366,1790808944,1598893,0
2874,1790809503,2132828,0
2458,1790810195,1983197,0
7549,1790810886,2183314,1887375
6310,1790810899,2171938,0
6053,1790811398,1796437,0
4175,1790812200,1907385,0
7065,1790813130,486339,0
3608,1790813393,542783,2183639
4810,1790814535,2113964,0
4487,1790815235,2176985,0
4689,1790815455,2183482,0
6680,1790816190,2184205,0
5239,1790816302,2027527,0
5239,1790816302,2027527,2027527
2707,1790816469,2174905,0