1,1,2293686
29,2,27681
7,3,1210826
51,8,3868
31,9,22844
5,10,1635918
60,11,177
32,12,21942
13,15,230405
16,16,131344
4,19,1668833
3,20,1883028
10,24,570100
43,26,11502
8,28,916121
15,29,136604
22,35,59334
34,41,19781
57,45,551
12,50,236221
27,62,37620
67,65,47
14,68,144067
9,69,797897
28,70,27689
2,75,1938781
50,77,4657
42,78,11942
46,79,5305
48,81,4860
36,82,16083
35,93,18299
33,94,19849
54,105,1151
41,111,11962
61,113,175
17,120,122405
59,132,193
65,136,50
30,137,25716
11,139,255629
24,150,55976
62,152,94
38,153,14076
21,154,61957
70,157,28
52,160,3316
18,162,117431
6,167,1509607
19,171,80375
26,176,43887
55,177,879
47,179,5157
49,181,4695
45,194,6722
56,197,732
25,200,44328
23,203,56180
37,204,15560
53,206,2139
44,207,7052
39,219,13971
63,220,90
68,224,44
69,230,35
20,237,74807
58,239,451
66,241,49
64,242,65
40,245,13194
