1174,16,881
1504,54,64
1581,58,12
1357,156,303
351,164,26858
339,214,28072
707,250,7191
1373,515,272
1099,612,1232
1162,644,935
1155,645,954
1037,760,1691
928,786,2789
364,813,25504
700,930,7449
420,948,20452
1381,1031,248
971,1488,2299
497,1659,15694
1302,1871,439
228,2115,43921
788,2426,5278
1448,2434,141
905,2466,3175
1292,2546,478
1106,2770,1192
1612,2955,1
8,3257,465065
238,3638,42767
778,3904,5465
229,4675,43680
1086,5206,1287
305,5515,33277
1546,5802,38
965,5961,2370
879,6445,3483
399,6593,22243
180,7185,54856
812,7365,4760
278,7672,37805
857,8815,3935
99,9148,96917
771,9312,5675
611,10005,10560
957,10174,2429
650,10764,8944
1202,10902,784
1032,10965,1720
961,11565,2408
504,11758,15248
448,13583,18557
930,14536,2761
986,15291,2077
81,15527,113824
926,15726,2816
1203,15878,781
1594,16275,8
736,19450,6537
1262,20146,568
677,20451,8252
565,20634,12436
1469,23046,113
777,23632,5503
275,24249,38126
922,28243,2953
1447,31459,143
631,31891,9712
19,35585,314163
132,38188,73891
1515,41007,52
1338,49616,343
1273,49682,530
1275,51952,525
840,58485,4227
168,64340,58179
572,75864,11854
953,77817,2446
1598,80335,6
1267,80863,548
350,83966,26994
254,87568,40866
1145,88807,1007
1247,89126,602
85,91387,106149
308,96667,33114
1344,97846,337
1229,100797,664
1361,102641,289
1013,110010,1846
773,114956,5584
552,115321,13070
1354,118153,312
1408,119743,196
1597,129037,7
1028,141108,1738
199,144527,51900
1304,145609,429
1511,153739,56
1470,156480,113
1047,182449,1593
59,183045,141059
217,183902,46740
301,184307,33779
1385,187417,244
1094,190983,1256
291,191715,34967
1492,193545,74
321,200555,31568
276,201700,37978
489,202854,16122
1342,203514,338
734,216871,6568
890,217192,3339
285,219202,36107
386,219369,23750
1023,222512,1777
224,222751,44773
1335,225760,351
574,231570,11792
1516,234134,52
876,238040,3552
842,240304,4210
329,247494,29719
1341,252330,340
1454,253061,130
553,254189,13044
442,254547,19018
701,255924,7446
1410,256280,195
495,258443,15707
385,262910,24127
150,265281,65970
1133,266664,1074
1456,266826,129
197,267903,52144
188,278359,53742
1495,279226,69
531,285536,13990
1398,286637,229
164,287776,59068
66,292351,132156
945,294623,2548
1463,294778,118
1403,295493,206
689,301195,7879
1207,301920,749
1128,302869,1106
1604,304119,2
443,311234,18959
121,321281,80173
79,331657,115064
502,349480,15324
895,355278,3296
670,362199,8418
1444,372729,147
754,380208,6144
513,380925,14771
525,384682,14263
1222,389855,685
586,391222,11549
1582,402246,12
1348,403419,322
1434,409584,159
47,409970,179381
942,412476,2576
488,414455,16258
716,419858,6977
910,432074,3106
94,433392,98379
456,433818,17798
1555,442134,32
1011,460649,1853
1466,474925,117
1343,480392,338
666,486017,8521
1078,486339,1322
927,488498,2800
1280,492721,516
417,495300,20773
625,531777,9953
1268,537507,545
509,542783,15050
755,546791,6114
1055,550454,1513
135,554260,71751
758,555656,6030
732,561343,6588
211,562305,48328
620,570723,10292
108,572281,90467
219,572504,46207
380,577826,24642
633,590756,9689
1336,608533,348
1593,635280,9
452,637516,18185
207,656147,49554
719,656164,6918
1525,663520,47
1221,666419,686
636,669607,9580
1056,684733,1481
728,689953,6742
967,697480,2336
1395,709099,234
688,719468,7881
793,741002,5165
536,743605,13629
542,747111,13476
438,748151,19183
1147,769012,1001
464,769552,17461
785,772163,5353
909,776487,3110
53,779531,157388
1561,781658,26
556,783798,12912
936,784340,2669
1270,786529,539
235,789512,43070
326,795080,30939
27,800543,258471
1418,804111,185
1572,812287,18
158,817959,60593
1478,818654,95
63,819429,137584
954,828995,2438
550,835134,13130
1437,843253,157
1605,845612,2
724,860318,6847
616,862424,10496
1143,862456,1018
398,865857,22426
929,866900,2785
1570,875478,20
816,878285,4683
989,879328,2057
535,883040,13657
295,888810,34759
667,891173,8520
519,902339,14440
1237,907588,633
182,908754,54064
1113,911726,1148
896,912249,3293
1134,912352,1068
1116,912799,1144
68,913250,124328
258,925391,40256
1443,926570,150
1528,933357,45
1036,934653,1694
1423,944051,175
1105,945125,1210
676,945659,8308
342,946962,27826
903,947682,3215
678,949693,8215
266,951401,39313
227,952827,43968
1541,953649,39
1480,965211,94
91,967045,99856
649,978034,8949
232,985782,43329
1319,986252,391
1022,987383,1779
485,987723,16427
368,991519,25393
1061,992825,1461
1535,997469,42
900,999986,3231
409,1006563,21454
1232,1007629,652
471,1019205,17255
1382,1020508,247
345,1021247,27443
683,1024499,8022
679,1028035,8211
92,1036162,99774
843,1041417,4185
1187,1043263,841
196,1043323,52204
1052,1043943,1524
570,1047744,11976
1010,1051979,1859
1016,1066559,1810
1560,1073867,28
630,1075536,9793
120,1078293,80597
579,1082316,11752
1290,1084230,488
467,1085503,17422
520,1091882,14426
1345,1096810,334
1168,1097072,908
1184,1097438,844
913,1105744,3076
1233,1108466,652
752,1124356,6235
1225,1126755,672
1255,1130513,590
178,1137765,56183
963,1137797,2388
140,1148395,69859
790,1156608,5258
526,1156788,14252
1420,1166358,181
850,1169034,4104
573,1173630,11826
976,1174348,2252
1149,1182358,999
523,1184145,14295
887,1186212,3373
20,1187462,304825
1391,1193040,239
191,1203157,53216
171,1216380,57697
1110,1224118,1157
851,1233516,4056
343,1233703,27814
449,1244723,18483
682,1247466,8123
1277,1248571,523
1188,1259861,839
1049,1262171,1547
1402,1262288,210
425,1267847,19881
921,1271321,2976
1542,1278668,39
1248,1294772,600
1562,1299883,26
316,1301199,32063
1160,1317137,938
729,1319129,6711
249,1320170,41426
177,1321682,56418
834,1323047,4307
1146,1325175,1004
789,1326344,5270
720,1327372,6900
628,1329046,9886
1159,1335782,945
1111,1338801,1157
126,1342035,78068
1323,1344475,383
999,1344786,1982
955,1348773,2433
1299,1350126,447
1019,1351573,1790
800,1363055,5041
1538,1363205,40
445,1367441,18828
784,1369420,5391
608,1369805,10635
819,1370083,4602
84,1379818,106151
202,1382360,50966
983,1385426,2106
1405,1385666,198
486,1390210,16351
685,1393257,7973
192,1398254,52790
1613,1400398,1
455,1403742,17843
1521,1403781,50
524,1405084,14278
694,1406307,7685
83,1416762,107257
1514,1419343,53
179,1419758,55752
1068,1420391,1377
595,1423677,11270
1509,1427030,57
861,1433177,3758
286,1434418,36079
544,1437428,13423
1308,1437765,412
213,1440028,47858
1574,1451906,16
463,1453511,17511
995,1459338,2030
205,1466469,49927
1165,1469003,922
742,1469587,6357
71,1470110,122958
1166,1471280,920
1076,1472448,1336
1243,1473731,614
114,1475038,83186
733,1476089,6587
739,1478392,6413
257,1479932,40274
1185,1483240,844
801,1485545,5004
402,1485683,22185
1496,1498879,69
1526,1498913,46
1539,1501353,40
1501,1510598,65
1320,1513823,390
695,1515545,7685
1214,1516486,715
221,1519293,45500
388,1522246,23675
844,1525913,4163
646,1535952,9246
596,1543507,11176
951,1545062,2485
57,1546340,145891
1144,1548649,1017
1481,1549959,93
415,1550162,20877
307,1551180,33153
118,1552275,81910
208,1552780,49201
1231,1553074,656
1038,1553266,1680
176,1555525,56736
1065,1556649,1411
106,1563523,92769
110,1563960,88294
686,1564217,7940
606,1564223,10674
621,1564945,10198
1020,1566017,1788
416,1566793,20863
353,1568957,26733
811,1571842,4838
911,1573465,3082
1130,1573548,1102
1021,1577013,1784
1482,1577430,92
917,1577451,3026
137,1578846,71713
1018,1579889,1800
32,1580481,227845
141,1586763,69458
1251,1587053,597
706,1589382,7194
73,1592344,122688
647,1592933,9042
491,1593827,15899
1258,1594692,575
269,1595726,38907
796,1598893,5131
1431,1600033,163
372,1603303,25076
814,1608799,4727
12,1609139,410408
1279,1610816,517
160,1611365,59535
1109,1611699,1163
645,1613388,9291
1236,1613919,641
1589,1615059,10
980,1615111,2150
1008,1617970,1887
1204,1627158,771
16,1628375,342432
1580,1629938,13
1256,1629978,588
541,1631678,13511
839,1635695,4235
1507,1638669,60
298,1639534,34615
1117,1642395,1136
1227,1645211,668
1072,1646529,1363
640,1646803,9498
51,1651308,161906
234,1652831,43198
432,1657363,19586
440,1657441,19093
1329,1659003,370
1362,1663439,289
331,1665557,29634
1218,1666646,702
973,1667957,2270
230,1667968,43579
499,1671571,15475
39,1672154,199879
813,1673222,4734
1181,1674937,869
1606,1677446,2
1190,1678679,832
1328,1679379,371
1575,1679961,16
31,1682674,239631
1388,1683698,240
528,1684263,14107
827,1685021,4487
1215,1688375,715
260,1691091,40154
250,1691132,41037
277,1696634,37887
1048,1697624,1588
1601,1699710,5
378,1700496,24754
1450,1700613,136
966,1702006,2360
855,1702291,3956
1479,1702675,95
634,1703257,9618
216,1706235,46993
125,1707975,78097
201,1714244,51053
1087,1715942,1278
723,1715991,6865
1017,1716245,1803
1607,1721648,2
49,1721928,167576
131,1723176,74058
1543,1724130,39
1510,1726840,57
555,1731373,12997
1363,1733672,288
1026,1734443,1752
1294,1736828,469
336,1740644,28562
798,1740954,5063
802,1743028,4972
77,1745999,118587
860,1747072,3868
18,1747712,317032
1540,1748648,40
1452,1749963,132
641,1751219,9427
264,1751869,39558
925,1752476,2841
1517,1756097,52
1489,1762371,80
684,1762817,8004
1199,1766082,796
696,1766388,7569
948,1772681,2536
671,1772694,8402
195,1773131,52259
931,1777202,2753
746,1783178,6318
1176,1783692,877
48,1786798,168443
1136,1793379,1055
1365,1796126,286
9,1796437,435650
713,1802533,7008
1167,1806199,912
651,1806454,8942
741,1810435,6370
901,1814340,3231
1220,1815147,690
393,1819308,22999
1286,1820634,500
823,1820940,4521
949,1820949,2523
1141,1821118,1023
767,1824034,5894
1014,1825930,1828
67,1826108,127868
958,1826519,2427
1317,1833730,395
112,1836199,87503
1228,1836919,668
764,1839095,5953
1473,1845090,109
212,1847667,47968
476,1851914,17021
1371,1857509,276
1053,1858260,1523
604,1860047,10743
757,1863997,6104
915,1865755,3047
357,1875804,26279
912,1878083,3080
143,1879611,68821
1288,1885328,496
937,1887375,2657
907,1889098,3140
292,1891510,34898
824,1894074,4501
243,1894143,42311
105,1894149,92858
768,1894432,5880
1438,1895629,154
1002,1897732,1949
107,1898371,90836
246,1905015,41861
1217,1907385,703
1411,1909023,195
433,1909540,19532
1033,1910557,1714
318,1911553,31961
116,1912482,82142
1497,1912664,68
1347,1915106,323
932,1919083,2748
347,1921681,27254
664,1921999,8565
1544,1922194,39
1177,1922589,877
607,1929924,10657
644,1933963,9333
253,1934829,40889
652,1935343,8932
421,1935738,20346
859,1937293,3897
1126,1938146,1111
419,1939848,20471
950,1941136,2518
780,1943414,5455
722,1943417,6889
897,1945137,3245
759,1945722,6007
1240,1946447,622
1093,1946933,1260
847,1947487,4121
1173,1947566,884
459,1951415,17703
153,1951772,63476
749,1952754,6300
34,1955107,204517
411,1958874,21049
691,1960055,7816
103,1961278,93679
1412,1961435,195
395,1961501,22580
263,1961693,39623
1150,1963398,996
1547,1964000,38
1461,1964855,120
28,1966979,257321
453,1967204,18135
313,1967572,32594
993,1969944,2040
898,1970276,3240
562,1970463,12548
1378,1971615,260
152,1978213,63782
1115,1979816,1147
1426,1980085,172
1031,1980096,1725
831,1982781,4390
4,1983197,664900
136,1985704,71738
1000,1986226,1973
1486,1989410,88
1112,1989499,1157
626,1989749,9930
1333,1992450,364
627,1993222,9890
1074,1993578,1348
1413,1993782,194
1445,1994337,146
672,1994814,8397
704,1994940,7323
1527,1996951,46
259,1997833,40204
1379,1998385,260
892,1999464,3311
1533,2002070,44
1285,2002238,502
255,2002702,40628
1332,2003676,367
894,2005788,3302
1244,2006269,608
680,2007265,8206
1257,2008932,584
1432,2009293,160
687,2009697,7912
1305,2011248,425
1309,2011559,411
1393,2013229,237
815,2014236,4686
300,2017869,34155
450,2018016,18383
319,2018546,31818
797,2018579,5080
693,2018684,7723
874,2021767,3591
1548,2022552,37
17,2023202,325282
979,2025474,2168
1360,2025513,298
52,2025956,158673
1183,2026008,856
1327,2027527,375
447,2028057,18603
988,2031095,2062
968,2032066,2336
1599,2034229,6
1550,2036411,34
240,2038416,42643
1274,2038837,530
376,2041304,24861
382,2042685,24571
1464,2044485,118
1375,2044850,268
1297,2045489,452
1340,2045759,341
1312,2046950,408
1012,2047436,1847
1457,2048251,124
1449,2048893,138
1271,2049063,536
1364,2049997,288
1030,2050175,1733
65,2051496,133530
1295,2051644,468
877,2054038,3515
934,2054225,2682
710,2054684,7121
1491,2054725,76
654,2054744,8861
571,2055242,11919
1092,2055243,1264
273,2055445,38550
1380,2055623,254
1313,2055885,407
659,2056203,8660
334,2056370,29106
1004,2056849,1934
82,2056942,109322
236,2057638,42991
346,2057827,27422
1278,2058154,520
1318,2058491,394
774,2058565,5577
735,2058795,6555
358,2059008,26110
772,2059063,5626
1254,2059472,591
997,2060287,2020
348,2060580,27246
1490,2061432,78
906,2062192,3142
681,2062753,8163
624,2063206,9958
1522,2063906,50
237,2064524,42850
1163,2064710,933
7,2064866,496935
397,2065272,22494
1161,2065395,938
1226,2065966,669
1458,2066652,124
533,2067012,13751
835,2069901,4302
377,2070095,24756
1602,2070129,4
341,2070356,27852
791,2070871,5236
941,2071214,2580
867,2071342,3708
731,2071464,6657
717,2072629,6952
744,2072660,6347
1556,2072840,30
435,2073585,19454
766,2073946,5930
14,2076485,365723
760,2076908,5997
89,2077042,101366
64,2077500,136325
410,2078175,21355
75,2078176,119678
1549,2078276,36
657,2078678,8812
1396,2079605,234
1287,2079911,499
1554,2080189,33
314,2080309,32587
100,2080812,96662
1175,2080999,881
1300,2081237,442
637,2081316,9570
1264,2081500,561
1289,2081698,494
1283,2082469,514
981,2083024,2136
1125,2083091,1112
663,2083788,8630
1194,2083885,814
38,2084332,200213
349,2084340,27173
412,2084797,21006
390,2085554,23519
1315,2085697,399
1409,2085977,196
55,2086782,148488
753,2087044,6195
886,2087047,3383
487,2087974,16326
1397,2088089,231
554,2088292,13038
233,2088438,43200
1465,2088545,118
658,2088603,8779
1075,2088720,1343
109,2088835,89456
1322,2089545,384
480,2090629,16623
660,2090745,8656
26,2090921,261095
726,2091224,6820
1419,2091259,182
1590,2091752,10
697,2092609,7547
711,2092734,7082
478,2092837,16705
873,2092900,3628
173,2093156,57233
392,2093353,23332
367,2093396,25398
1310,2093605,411
585,2093981,11665
1219,2094332,698
881,2094480,3465
1276,2095032,525
174,2095097,56895
355,2095168,26381
1377,2096015,266
371,2096081,25095
1298,2096365,452
783,2096765,5410
576,2096974,11787
577,2097174,11766
306,2098302,33180
715,2098395,6986
46,2098548,180874
632,2098905,9700
426,2098997,19878
50,2100268,166586
262,2100524,39637
1212,2100821,737
119,2101178,81346
1005,2101531,1917
1239,2101846,626
1414,2102025,194
483,2102310,16470
511,2102822,15002
1095,2103338,1250
479,2103534,16653
1518,2104192,52
198,2104259,51999
225,2105233,44238
975,2106040,2256
468,2106801,17399
104,2109083,93526
984,2109384,2098
1089,2109652,1271
268,2109969,38914
470,2110005,17339
583,2110338,11703
545,2110351,13280
1353,2110420,313
1369,2110451,285
940,2110662,2603
1238,2112320,633
725,2112353,6843
15,2112530,354477
142,2112721,69132
10,2112797,421209
242,2112801,42391
462,2113353,17650
781,2113377,5443
172,2113497,57344
322,2113522,31432
369,2113702,25313
436,2113964,19346
501,2113999,15362
134,2114370,72186
1059,2114502,1478
1425,2114556,173
648,2114867,9002
500,2115128,15388
538,2115188,13566
1346,2116252,332
69,2116596,124030
86,2116934,106096
863,2117494,3729
1082,2117522,1306
799,2117545,5045
960,2117706,2421
1435,2117739,158
969,2118135,2320
990,2118197,2052
918,2118228,3024
1083,2118596,1306
838,2118605,4242
829,2118644,4411
1001,2119519,1969
1034,2119588,1712
1137,2119635,1051
272,2119727,38584
1127,2120413,1110
1151,2120634,991
223,2120953,44946
1122,2120954,1122
139,2121004,70466
1132,2121007,1086
2,2121243,815699
779,2121326,5460
35,2121468,204467
25,2121745,273117
503,2121965,15279
584,2122184,11681
365,2122269,25475
803,2122320,4968
1506,2122501,61
537,2122743,13585
115,2122744,82727
805,2122757,4909
24,2122773,274463
1261,2122907,571
818,2123065,4635
668,2123325,8446
578,2123609,11759
1583,2123952,12
1453,2124157,131
117,2124191,82078
1090,2124483,1271
507,2124699,15177
154,2124706,62215
11,2124889,412905
58,2124912,145409
782,2124934,5420
1108,2124962,1183
297,2125070,34668
214,2125286,47532
1077,2125437,1325
96,2125883,97597
1608,2125887,2
974,2125992,2258
1376,2126186,267
619,2126355,10307
1057,2126394,1479
1584,2126414,12
22,2126523,300481
705,2126872,7293
1519,2126885,52
193,2126926,52532
629,2126990,9864
1551,2127268,34
1557,2127421,30
183,2127652,54019
281,2127679,37370
78,2127978,117493
1498,2128231,68
251,2128254,40965
1135,2128799,1060
549,2128808,13144
231,2129150,43355
33,2129194,220565
1591,2129226,10
317,2129228,31988
745,2129523,6338
127,2129677,77862
1191,2129889,832
404,2129923,22107
1200,2130025,793
810,2130142,4842
1102,2130145,1227
1523,2130339,49
517,2130473,14549
875,2130615,3584
1487,2130631,87
434,2130685,19507
1114,2131097,1148
304,2131314,33297
769,2131331,5756
431,2131441,19619
618,2131544,10388
56,2131628,146928
902,2131930,3231
962,2131978,2407
312,2132109,32645
441,2132110,19084
466,2132160,17433
653,2132181,8895
1471,2132363,112
1571,2132406,20
155,2132828,61660
405,2132851,21677
588,2132867,11544
175,2132944,56852
848,2133019,4108
1536,2133178,42
543,2133183,13439
1442,2133273,151
623,2133335,9990
787,2133408,5303
1502,2133413,65
899,2133516,3234
124,2133518,78682
1474,2133595,108
256,2133685,40373
1558,2134248,30
490,2134283,16010
870,2134336,3662
786,2134425,5305
826,2134428,4489
1446,2134461,144
1614,2134497,1
1124,2134563,1116
1272,2134640,534
284,2134775,36110
846,2134821,4127
592,2134962,11353
1169,2134983,896
1392,2135100,238
854,2135634,4012
617,2135744,10477
1210,2135995,739
3,2136006,679188
169,2136021,57969
919,2136090,3004
505,2136214,15232
484,2136220,16467
41,2136273,189515
289,2136315,35245
261,2136658,39950
674,2136696,8393
72,2136699,122739
287,2136708,35859
985,2137048,2082
908,2137106,3137
446,2137113,18689
381,2137132,24590
614,2137133,10504
157,2137186,60749
161,2137188,59469
821,2137298,4556
878,2137395,3507
310,2137541,32862
1404,2138001,203
383,2138229,24530
1263,2138323,567
90,2138682,101196
1513,2138771,54
1157,2139121,948
1349,2139653,320
891,2139654,3317
1352,2139716,315
977,2139741,2222
1154,2139785,968
1241,2139864,621
187,2140134,53804
1595,2140228,8
1609,2140233,2
938,2140286,2654
1383,2140305,247
1259,2140333,573
1206,2140408,765
1216,2140502,714
1615,2140537,1
1524,2140559,48
144,2140679,68651
560,2140980,12681
1201,2141000,788
1503,2141083,65
1193,2141165,817
1493,2141487,73
809,2141578,4870
884,2141813,3437
1291,2141900,482
1559,2141920,30
599,2142015,11110
315,2142222,32374
837,2142246,4262
428,2142481,19718
546,2142482,13163
406,2142486,21668
473,2142538,17187
806,2142802,4902
1,2142901,1838989
594,2142923,11342
95,2143028,97761
1303,2143264,437
1537,2143382,42
820,2143421,4591
1063,2143609,1450
13,2143715,395394
1324,2144035,383
532,2144281,13870
296,2144326,34723
1178,2144772,875
1096,2145005,1248
935,2145225,2680
327,2145359,30737
655,2145367,8860
146,2145441,67936
1208,2145492,748
279,2145573,37619
1024,2145649,1777
54,2168803,148791
1366,2170896,286
1249,2171013,598
1552,2171024,34
387,2171434,23702
978,2171585,2193
1054,2171938,1522
1311,2171983,411
149,2172056,66715
424,2172065,19886
1596,2172107,8
1494,2172216,70
770,2172610,5727
1415,2172741,193
1025,2172761,1774
1316,2172838,399
1085,2172891,1288
1131,2173040,1096
1170,2173075,896
280,2173210,37435
1186,2173262,842
1211,2173272,738
1050,2173300,1532
1389,2173364,240
804,2173649,4937
1060,2173719,1463
822,2173766,4525
1476,2173782,106
1091,2173921,1271
1592,2173977,10
283,2174060,36870
156,2174102,61643
1374,2174163,272
1339,2174198,342
1483,2174202,92
1118,2174544,1136
1301,2174644,442
37,2174772,201227
167,2174871,58204
1066,2174904,1382
1390,2174905,240
1573,2175032,17
337,2175100,28357
186,2175174,53879
1073,2175357,1353
920,2175505,2996
1372,2175542,275
200,2175660,51138
869,2175784,3691
98,2175860,97290
833,2175878,4339
612,2176068,10516
883,2176116,3450
709,2176243,7126
204,2176348,49994
210,2176355,48788
206,2176434,49886
703,2176484,7417
939,2176589,2648
30,2176591,240408
338,2176594,28286
661,2176663,8642
923,2176673,2844
165,2176707,59038
849,2176735,4107
1433,2176774,160
889,2176830,3346
751,2176880,6237
1180,2176921,872
885,2176933,3391
194,2176949,52356
482,2176950,16498
830,2176951,4396
1205,2176985,767
642,2176997,9369
987,2177058,2069
1079,2177105,1318
76,2177122,119638
761,2177144,5990
1098,2177166,1234
557,2177264,12866
516,2177327,14632
389,2177328,23619
361,2177329,25596
561,2177331,12590
465,2177332,17457
1421,2177342,176
613,2177379,10508
1097,2177523,1242
1326,2177554,378
765,2177595,5948
609,2177606,10621
87,2177696,101555
414,2177697,20924
534,2177698,13714
598,2177699,11133
569,2177721,12006
460,2177722,17702
391,2177723,23385
558,2177724,12856
1148,2177731,1000
203,2177754,50928
947,2177759,2538
469,2177766,17394
737,2177768,6460
514,2177769,14738
1370,2177770,278
808,2177802,4874
1235,2177807,643
408,2177858,21558
690,2177881,7848
493,2177914,15761
615,2178074,10503
344,2178075,27560
575,2178076,11788
566,2178077,12350
472,2178078,17229
332,2178079,29446
457,2178080,17795
423,2178081,20074
587,2178082,11549
340,2178083,28067
1563,2178122,26
817,2178123,4644
622,2178131,10057
1069,2178132,1375
311,2178140,32736
323,2178141,31042
181,2178148,54329
418,2178156,20593
1508,2178199,60
1139,2178200,1026
1044,2178202,1638
1407,2178203,197
1195,2178204,807
825,2178205,4500
1534,2178206,44
1100,2178451,1232
93,2178467,98812
559,2178475,12721
1488,2178560,84
763,2178569,5956
248,2178602,41455
282,2178638,37138
589,2178802,11531
302,2178808,33539
6,2178811,554901
1250,2178833,598
184,2178892,54008
40,2178927,193133
147,2178951,67371
113,2178966,85364
247,2178972,41859
122,2178973,80105
45,2178984,182042
858,2178986,3901
29,2179006,250976
807,2179007,4882
189,2179017,53719
97,2179018,97419
994,2179026,2039
129,2179027,75939
1223,2179029,683
1424,2179030,174
776,2179037,5527
1610,2179061,2
1101,2179095,1228
320,2179107,31724
60,2179108,138612
792,2179170,5222
1467,2179188,114
582,2179191,11712
1029,2179243,1734
130,2179275,74859
21,2179320,303527
712,2179322,7051
510,2179326,15010
1611,2179358,2
1119,2179393,1127
265,2179394,39314
692,2179399,7724
427,2179411,19846
477,2179412,16927
551,2179413,13073
603,2179414,10748
401,2179460,22215
529,2179488,14074
540,2179493,13525
429,2179516,19689
244,2179524,42075
74,2179552,120427
1246,2179564,607
1306,2179612,416
1164,2179627,931
1564,2179726,26
430,2179727,19672
893,2179728,3305
396,2179790,22546
359,2179791,26004
400,2179792,22242
547,2179793,13153
564,2179794,12518
422,2179795,20332
352,2179796,26767
1400,2179797,213
1269,2179807,545
1565,2179847,26
1027,2179975,1745
23,2179988,299697
714,2179989,7004
324,2180087,31030
394,2180088,22901
461,2180089,17695
303,2180090,33366
458,2180091,17751
593,2180092,11346
530,2180093,14054
522,2180094,14373
444,2180095,18934
828,2180096,4422
952,2180125,2452
880,2180143,3481
1234,2180148,650
1484,2180152,92
1455,2180194,130
1576,2180201,16
333,2180297,29286
1587,2180401,10
656,2180461,8829
638,2180532,9558
972,2180533,2296
506,2180534,15186
581,2180535,11720
403,2180536,22166
492,2180538,15793
610,2180539,10604
515,2180547,14690
563,2180548,12544
639,2180620,9538
982,2180626,2120
1307,2180638,412
356,2180651,26294
1281,2180662,515
708,2180825,7154
992,2180923,2046
1007,2180955,1893
454,2180995,17882
163,2181025,59079
1356,2181026,308
508,2181032,15104
70,2181075,123413
1103,2181101,1216
366,2181104,25406
354,2181141,26500
379,2181199,24731
944,2181209,2553
42,2181217,188067
252,2181219,40910
665,2181245,8554
185,2181298,53934
1577,2181338,16
862,2181421,3748
1070,2181428,1373
1266,2181431,549
1355,2181476,311
267,2181488,39138
1172,2181523,886
662,2181542,8642
865,2181647,3713
1153,2181669,973
145,2181676,68342
209,2181688,49000
1224,2181694,681
1081,2181708,1308
605,2181744,10677
481,2181768,16588
1158,2181774,947
162,2181789,59396
475,2181807,17074
1505,2181809,64
568,2181811,12182
374,2181818,24989
730,2181819,6709
271,2181824,38592
215,2181835,47323
80,2181837,114802
1152,2181847,986
1051,2181860,1526
916,2181865,3041
1140,2181891,1024
702,2181941,7426
102,2181972,93798
335,2181974,28957
600,2182006,11060
643,2182015,9350
1417,2182027,185
521,2182034,14394
370,2182060,25244
580,2182061,11729
740,2182062,6389
527,2182063,14175
294,2182064,34788
1120,2182065,1126
591,2182083,11438
170,2182121,57816
924,2182124,2842
1325,2182125,382
43,2182145,183338
1213,2182155,728
218,2182169,46603
996,2182227,2028
494,2182228,15744
1058,2182237,1479
1603,2182242,4
159,2182246,59646
222,2182257,45283
743,2182260,6353
245,2182261,42022
61,2182267,138265
738,2182271,6417
128,2182274,75965
635,2182276,9601
1045,2182287,1614
1129,2182307,1104
1084,2182309,1303
226,2182326,43992
933,2182344,2732
718,2182356,6943
123,2182357,79429
239,2182386,42698
133,2182398,73046
1035,2182584,1699
148,2182610,67145
437,2182710,19317
474,2182830,17171
384,2182836,24484
601,2182840,10942
1459,2182955,124
991,2182957,2052
748,2183042,6314
288,2183051,35681
362,2183126,25589
871,2183181,3651
309,2183201,32982
518,2183227,14468
956,2183233,2433
1499,2183234,68
567,2183238,12309
1196,2183239,807
1334,2183251,359
290,2183254,35115
1401,2183273,210
375,2183281,24951
970,2183283,2300
1242,2183314,618
943,2183397,2556
1107,2183407,1190
1104,2183422,1211
1359,2183428,299
1296,2183448,454
44,2183455,183247
1475,2183470,108
669,2183480,8429
836,2183481,4273
699,2183482,7515
88,2183483,101404
602,2183486,10868
274,2183488,38463
1171,2183490,893
373,2183491,25059
853,2183493,4026
138,2183545,71672
496,2183546,15698
914,2183599,3051
1015,2183601,1821
1337,2183605,345
270,2183613,38753
1067,2183616,1379
1138,2183634,1028
539,2183635,13549
1439,2183638,154
597,2183639,11168
166,2183642,58246
964,2183643,2371
1367,2183650,286
998,2183797,2001
1230,2183801,659
5,2183804,571662
882,2183840,3457
1123,2183845,1119
1331,2183901,368
407,2183955,21595
1265,2183957,561
872,2183959,3634
673,2183970,8395
1041,2183996,1664
1427,2183998,172
220,2184011,45539
1003,2184021,1939
721,2184028,6891
1046,2184052,1602
904,2184056,3190
762,2184114,5972
190,2184117,53586
439,2184119,19152
1039,2184134,1678
360,2184141,25735
1043,2184150,1640
241,2184155,42564
1006,2184160,1905
293,2184165,34834
1260,2184168,572
548,2184171,13153
330,2184174,29668
795,2184178,5138
747,2184187,6316
1350,2184189,320
1384,2184193,247
151,2184201,64491
1080,2184203,1318
299,2184204,34367
1253,2184205,591
111,2184207,87648
1462,2184210,119
1009,2184213,1873
856,2184214,3954
1071,2184215,1371
845,2184221,4162
451,2184223,18366
864,2184234,3714
328,2184237,30467
413,2184241,20930
750,2184243,6262
1585,2184245,12
498,2184247,15555
512,2184250,14904
1252,2184251,596
363,2184255,25513
1192,2184271,830
832,2184275,4347
1088,2184280,1276
852,2184285,4042
1189,2184286,839
325,2184287,30988
101,2184289,95846
868,2184295,3702
1530,2184316,44
727,2184321,6818
590,2184324,11509
698,2184332,7525
1064,2184337,1423
1578,2184341,16
1179,2184342,874
62,2184343,137745
1588,2184359,10
1553,2184368,34
946,2184373,2540
1040,2184375,1671
841,2184378,4214
1387,2184385,240
866,2184386,3711
1198,2184389,802
1293,2184395,474
1142,2184396,1019
1330,2184399,369
1121,2184401,1124
1529,2184411,45
1566,2184419,24
1182,2184423,869
1156,2184427,951
1197,2184431,806
1209,2184434,742
1351,2184435,319
1358,2184436,301
675,2184444,8328
1440,2184447,151
1368,2184448,286
1062,2184450,1452
1567,2184452,20
1441,2184458,151
1321,2184461,387
1406,2184474,198
1042,2184476,1642
36,2184479,203288
959,2184485,2422
1579,2184496,14
756,2184498,6107
1282,2184503,514
1314,2184505,403
1422,2184517,176
1399,2184521,221
1568,2184522,20
1451,2184524,135
1416,2184526,192
1436,2184528,158
1485,2184532,90
1429,2184537,164
1245,2184551,608
794,2184553,5155
1600,2184557,6
1512,2184558,56
1386,2184559,242
1472,2184565,110
775,2184568,5548
1531,2184572,44
1477,2184575,99
888,2184583,3356
1616,2184621,1
1545,2184798,39
1284,2184799,507
1394,2184800,237
1569,2184806,20
1430,2184811,164
1520,2184814,52
1532,2184847,44
1500,2184850,65
1460,2184855,122
1468,2184864,114
1428,2184867,166
1586,2184874,12
1617,2184879,1
