1084,16,2998
1079,54,3052
1471,156,277
168,164,68999
409,214,28556
1083,250,3012
1250,612,1232
1298,644,935
1296,645,954
1420,760,401
1099,786,2789
458,813,24479
1377,930,600
492,948,21900
1489,1031,248
615,1488,15519
610,1659,15694
1486,1871,256
287,2115,44213
971,2426,5035
438,2466,26195
1256,2770,1192
631,3257,14725
1126,3638,2406
1023,3904,4043
237,4675,51436
1260,5206,1159
378,5515,33124
1654,5802,38
1133,5961,2370
1044,6445,3530
392,6593,30776
216,7185,55679
1033,7365,3754
331,7672,38809
1029,8815,3935
158,9148,71551
984,9312,4705
1341,9319,730
761,10005,10560
1265,10174,1131
474,10764,23571
1336,10902,758
1584,10965,94
203,11565,58409
525,11758,19843
427,13583,26834
1148,14536,2157
1154,15291,2077
769,15527,10305
1096,15726,2816
1331,15878,781
543,19450,18956
517,20146,20463
59,20451,121873
1082,20634,3022
1580,22529,97
1118,23046,2527
80,23632,108162
566,24249,17731
235,28243,51968
1400,31243,473
941,31891,5757
8,35585,297552
151,38188,73891
1007,40585,4375
1632,41007,52
1438,49616,343
1001,49682,4471
1391,51952,525
1014,58485,4227
206,64340,58183
1405,75864,444
1130,77817,2381
461,80335,24333
285,80863,44485
866,83966,7672
311,87568,40866
1285,88807,1007
1376,89126,602
75,91387,111781
1085,93720,2990
379,96667,33114
1444,97846,337
1579,102641,100
1183,110010,1846
943,114956,5625
1546,115321,141
1528,116702,163
1458,118153,312
1519,119743,196
1717,129037,7
76,141108,111253
751,144527,10986
938,145122,5877
1626,153739,56
1574,156480,113
1485,182449,258
41,183045,151324
264,183902,47087
275,184307,45374
1413,187417,410
1408,189413,416
1700,190744,12
1387,190983,549
1163,191715,2030
1016,197846,4197
396,199877,30391
741,200555,11213
333,201700,38207
1496,202854,232
1724,203514,2
744,216871,11192
249,217192,49368
157,219202,71682
46,219369,140992
1190,222512,1777
35,222751,166647
1665,225760,30
508,231570,20825
1633,234134,52
1538,238040,150
139,240304,78207
256,247494,48070
1549,252330,139
1558,253061,130
42,254189,150225
334,254547,38108
876,255924,7446
1520,256280,195
506,258443,21092
466,262910,24105
621,265281,15165
1614,266664,65
1561,266826,129
884,267903,7203
992,271851,4545
30,278359,175886
1610,279226,69
608,285536,15736
327,286637,39072
47,287776,140064
204,292351,58380
1571,294778,118
1511,295493,206
865,301195,7701
288,301920,44111
1530,302869,159
1664,304119,30
62,311234,120876
71,316717,115380
1161,317909,2038
137,321281,80193
1062,331657,3334
617,349480,15306
1231,352604,1387
1008,355278,4321
840,362199,8418
1505,362709,218
395,372729,30421
737,380208,11372
594,380925,16557
592,384682,16678
628,389146,14924
1357,389855,659
899,403419,6879
1537,409584,151
1093,409970,2855
759,412476,10579
652,414455,13977
611,432074,15584
764,433392,10513
785,433818,9992
1181,460649,1853
1428,474925,365
835,486017,8521
330,486339,38820
1098,488498,2800
1393,492721,516
511,495300,20773
789,531777,9927
662,537507,13667
794,542783,9800
926,546791,6114
495,550454,21792
1557,554232,130
1394,554260,506
961,555656,5276
1184,561343,1835
261,562305,47626
771,570723,10292
211,572281,56853
271,572504,45947
757,577826,10714
516,590756,20477
1435,608533,348
557,637516,18189
166,656147,69352
469,656164,23908
1640,663520,47
701,666419,12466
246,669607,49893
257,684733,47960
1481,685863,262
903,689953,6747
1330,697480,783
1494,709099,234
851,719468,8106
1340,740471,740
357,741002,36519
732,743605,11469
733,747111,11459
536,748151,19183
1162,769012,2037
562,769552,18112
1516,770420,199
1512,772163,204
385,776487,31684
27,779531,179954
1539,781658,150
685,783798,12912
228,784340,52815
742,786529,11211
185,789512,62866
49,795080,137763
73,800543,113440
332,804111,38383
1540,812287,148
844,817959,8238
97,819429,95851
1123,828995,2438
352,835134,36769
1713,842480,8
1531,843253,157
1725,845612,2
262,860318,47526
786,862424,9958
190,862456,61423
90,865857,103014
1000,866900,4473
986,878285,4683
1156,879328,2057
1258,879464,1184
346,883040,37219
48,888810,138050
57,891173,124768
1072,902339,3113
359,907588,36216
923,908754,6117
1234,911726,1356
1406,912249,430
362,912352,35275
1263,912799,1144
791,913250,9900
845,925391,8216
1280,926570,1027
1642,933357,45
299,934653,42989
1448,944121,330
1220,945125,1542
442,945659,25730
539,946962,19071
846,949693,8215
324,951401,39313
1038,952827,3674
1648,953649,39
1585,965211,94
115,967045,89093
390,975086,31415
688,975475,12854
774,978034,10275
294,985782,43419
372,986252,34010
1466,987383,295
1602,987723,76
441,991519,25773
434,992825,26305
1644,997469,42
1110,999986,2685
413,1001039,28430
1294,1006563,970
623,1007629,15032
1589,1009265,92
530,1019205,19498
422,1021247,27424
698,1022419,12565
883,1024499,7210
1151,1028035,2106
550,1036162,18550
1645,1037239,40
693,1039689,12679
148,1040712,74954
1137,1041417,2344
1210,1043263,1619
225,1043323,53130
1257,1043943,1190
1056,1045898,3426
716,1047744,11976
1180,1051979,1859
770,1052122,10299
1253,1066559,1224
1670,1073867,28
1188,1075536,1787
544,1078293,18904
723,1082316,11752
1382,1084230,582
572,1085503,17434
1418,1096810,402
1304,1097072,908
901,1097179,6846
405,1097438,29278
32,1100445,173553
1075,1105744,3076
1204,1108466,1684
201,1124356,58710
1329,1126755,784
1021,1130513,4094
1441,1137765,340
642,1137797,14159
340,1146818,37613
108,1148395,92286
962,1156608,5258
39,1156788,156355
998,1165711,4499
948,1166358,5540
344,1169034,37421
173,1173630,67406
236,1174348,51662
1030,1182358,3864
671,1184145,13324
1178,1186212,1883
1249,1187462,1236
1252,1193040,1226
214,1203157,56468
645,1216380,14091
1649,1222792,39
1261,1224118,1157
407,1231327,28670
132,1233516,81843
433,1233703,26397
551,1244723,18483
403,1247466,29671
1363,1248571,646
1455,1251204,316
638,1259861,14201
1507,1262288,210
518,1267847,20447
12,1271321,238062
1432,1294772,361
1674,1299883,26
509,1301199,20815
468,1317137,23995
937,1319129,5917
245,1320170,49952
150,1321682,74240
382,1323047,32480
1150,1325175,2121
490,1326344,21966
1689,1327372,17
798,1329046,9638
1395,1338801,503
13,1342035,225951
419,1344475,27635
569,1344786,17605
1565,1348773,123
1404,1350126,447
1726,1351573,2
970,1363055,5041
1499,1363205,227
88,1367441,103715
955,1369420,5391
788,1369805,9948
922,1370083,6157
224,1379818,53520
1286,1382360,1006
1152,1385426,2106
1510,1385666,207
133,1390210,81796
855,1393257,7973
255,1398254,48074
674,1403742,13167
661,1405084,13689
89,1406307,103616
78,1416762,109992
1631,1419343,53
134,1419758,81692
677,1423677,13097
1019,1424787,4126
1431,1427030,361
1115,1433177,2566
1476,1434418,267
1503,1437428,221
1411,1437765,412
259,1440028,47858
881,1446155,7244
1690,1451906,16
570,1453511,17512
712,1459338,12124
250,1466469,49352
1301,1469003,922
815,1469587,9087
1120,1470110,2524
548,1471280,18640
590,1472448,16725
186,1475038,62784
826,1478392,8724
300,1479932,42857
1313,1483240,844
1695,1485545,14
656,1485683,13854
1229,1486621,1404
1572,1498879,117
1641,1498913,46
1545,1499631,143
1646,1501353,40
1553,1510598,135
1422,1513823,390
585,1515545,17055
1347,1516486,715
310,1519293,40870
796,1522246,9703
1017,1525913,4163
111,1535952,90340
165,1543507,69856
192,1545062,61058
52,1546340,133974
1487,1548649,254
341,1549959,37570
476,1550162,23145
298,1551180,42992
1303,1551553,911
131,1552275,81910
719,1552780,11859
1349,1553074,708
1290,1553266,988
212,1555525,56795
355,1556649,36667
34,1563523,172161
1727,1563960,2
1003,1564217,4449
750,1564223,10995
734,1564945,11450
1187,1566017,1788
510,1566793,20810
837,1568957,8455
195,1571842,60323
1244,1573465,1265
50,1573548,136031
1189,1577013,1784
1165,1577430,2005
449,1577451,25251
63,1578846,120259
858,1579889,7845
98,1580481,95431
1128,1584104,2404
19,1586763,202120
153,1587053,72718
1607,1588173,70
885,1589382,7194
755,1589949,10910
1319,1592344,812
1219,1592617,1544
1576,1592933,112
613,1593827,15563
314,1594692,40161
281,1595726,44821
141,1598893,77842
637,1598999,14225
1515,1600033,199
588,1603303,16909
1568,1608217,120
626,1608799,15002
20,1609139,198359
724,1610816,11731
102,1611365,94198
1267,1611699,1117
231,1613388,52672
1365,1613919,641
1705,1615059,10
251,1615111,48808
467,1617970,24014
1669,1625326,28
907,1627158,6564
6,1628375,342430
1698,1629938,13
535,1629978,19203
669,1631678,13511
1013,1635695,4235
1620,1638669,60
367,1639534,34615
1719,1642395,4
406,1643481,29235
1419,1645211,402
650,1646529,14012
568,1646803,17614
1283,1650928,1017
107,1651308,92465
1164,1652831,2015
597,1653036,16433
1480,1655503,264
1215,1655794,1577
736,1657363,11401
1240,1657441,1315
1292,1659003,984
1239,1663439,1315
682,1665557,12996
749,1666646,11050
556,1666980,18245
1091,1667957,2882
640,1667968,14182
541,1671571,18967
1242,1672154,1295
814,1673222,9090
982,1674937,4752
1728,1677446,2
532,1678679,19369
1225,1679379,1453
1691,1679961,16
5,1682674,347007
726,1683698,11725
182,1684263,63475
999,1685021,4487
735,1691091,11417
313,1691132,40651
349,1696634,36831
673,1696964,13191
1379,1697624,587
904,1701431,6747
1166,1702006,2005
599,1702291,16184
1583,1702675,95
414,1703257,28084
180,1706235,64243
335,1707975,38061
1628,1709215,55
160,1714244,71507
1350,1715942,698
704,1715991,12319
644,1716245,14109
1729,1721648,2
520,1721928,20302
423,1723176,27358
1650,1724130,39
1625,1726840,57
1711,1731090,10
149,1731373,74746
486,1734443,22447
51,1736828,134037
408,1740644,28567
1047,1740954,3500
91,1745999,101120
67,1747072,116770
580,1747712,17215
1647,1748648,40
1206,1749417,1651
1651,1749444,39
1555,1749963,132
806,1751219,9437
196,1752476,60237
1563,1756097,124
1138,1762371,2335
850,1762817,8146
959,1764827,5332
1323,1766082,796
582,1766388,17093
1141,1772681,2302
739,1772694,11331
807,1773131,9433
1101,1777202,2763
393,1783178,30535
127,1783692,84935
119,1784555,86846
86,1786798,103921
1310,1787062,874
270,1793379,46120
1469,1796126,286
267,1796437,46421
453,1796981,24677
894,1802533,7008
1302,1806199,912
860,1806454,7803
129,1810435,84181
1059,1814340,3371
1352,1815147,690
477,1819308,23142
1652,1819637,39
1067,1820634,3239
175,1820940,66747
493,1820949,21876
893,1821118,7015
404,1824034,29313
106,1825930,92558
54,1826108,128213
1032,1826519,3757
1403,1828777,453
609,1830104,15724
838,1833730,8431
95,1836199,99263
1356,1836919,668
933,1839095,5953
1437,1845090,345
1369,1847667,621
935,1849709,5945
317,1851914,39800
1473,1857509,276
1194,1858260,1747
728,1860047,11713
471,1863997,23807
1080,1865755,3040
909,1875804,6542
1222,1878083,1483
1216,1879611,1551
589,1885328,16882
1734,1885750,1
691,1887375,12775
1268,1889098,1111
339,1891510,37628
1074,1894074,3077
79,1894143,109636
105,1894149,93192
968,1894432,5106
1534,1895629,154
1185,1897732,1819
61,1898371,121547
29,1905015,178069
819,1906313,8862
630,1907385,14751
947,1908624,5547
1452,1909023,320
529,1909540,19532
1203,1910557,1690
1306,1911553,889
18,1912482,202136
1611,1912664,68
1600,1914233,78
1168,1915106,1992
1104,1919083,2748
428,1921681,26797
273,1921999,45846
890,1922589,7112
811,1933963,9333
1175,1934829,1924
818,1935343,8932
578,1935738,17272
766,1939316,10457
523,1939848,20071
1177,1941136,1900
1627,1941652,56
949,1943414,5455
898,1943417,6889
373,1945137,33844
930,1945722,6007
402,1946447,29797
1653,1946933,39
278,1947487,45156
951,1947566,5428
460,1949840,24451
540,1951415,19013
220,1951772,55070
1439,1952754,341
743,1955107,11204
60,1958874,121664
1311,1959014,866
823,1960055,8799
82,1961278,107073
1495,1961501,234
319,1961693,39486
1594,1961982,86
696,1963398,12597
1136,1964000,2358
1569,1964855,120
23,1966979,187135
560,1967204,18136
374,1967572,33495
944,1969944,5594
1066,1970276,3245
699,1970463,12548
1482,1971615,260
301,1978213,42488
448,1979816,25424
1521,1979860,194
1526,1980085,172
463,1980096,24292
900,1980128,6867
1426,1980850,366
233,1982781,52510
929,1983197,6038
1706,1985572,10
159,1985704,71551
629,1985825,14788
1218,1986226,1546
1593,1989410,88
230,1989499,52677
931,1989696,6002
828,1989749,8685
1238,1992450,1340
188,1993222,61511
1106,1993578,2729
1522,1993782,194
988,1994010,4638
619,1994026,15221
1586,1994337,94
144,1994814,77111
521,1994940,20176
1578,1996128,104
1143,1996908,2284
120,1997833,86805
1191,1998599,1773
920,1999464,6260
1643,2002070,44
253,2002238,48129
121,2002505,86746
193,2002702,60599
1172,2003676,1945
1237,2005788,1344
862,2007265,7764
1381,2008932,584
1501,2009152,224
928,2009293,6054
853,2009697,8087
1015,2011248,4206
1407,2011559,421
1213,2013229,1581
241,2014236,50196
93,2017869,100033
416,2018016,28012
384,2018546,31799
994,2018579,4536
854,2018684,8068
83,2021767,106957
1657,2022552,37
28,2023202,179523
1680,2023969,24
1463,2025513,298
65,2025956,118909
1089,2026008,2922
399,2027527,30037
96,2028057,98399
953,2030151,5418
670,2031095,13352
184,2032066,62875
993,2034229,4540
1661,2036411,34
1036,2036434,3691
284,2038416,44598
1159,2041304,2044
143,2042685,77522
1446,2044485,333
1687,2044850,18
1368,2045489,632
526,2045759,19796
1182,2047436,1847
874,2048251,7479
1730,2048893,2
464,2049063,24289
1468,2049997,288
1196,2050175,1733
123,2051496,85375
1401,2051644,468
1293,2054038,971
163,2054225,70602
1320,2054684,809
1603,2054725,76
799,2054744,9622
717,2055242,11920
1245,2055243,1264
289,2055445,44087
1671,2055623,28
1415,2055885,407
976,2055973,4892
758,2056203,10619
1731,2056370,2
810,2056849,9336
36,2056942,165776
130,2057638,82481
429,2057827,26735
872,2058154,7485
1153,2058491,2082
991,2058565,4594
975,2058645,4924
839,2058795,8419
439,2059008,26079
553,2059063,18430
1399,2059472,473
727,2060223,11718
1236,2060287,1345
320,2060580,39402
513,2062192,20711
684,2062753,12932
658,2063206,13745
1636,2063906,50
875,2064261,7463
1186,2064524,1818
1299,2064710,933
2,2064866,494127
440,2065272,25872
1305,2065395,892
1354,2065966,669
1564,2066652,124
398,2067012,30218
966,2068059,5129
1010,2069901,4302
672,2070095,13235
1656,2070129,37
444,2070356,25662
1443,2070424,338
454,2070871,24675
110,2071214,91803
1057,2071342,3421
563,2071464,18091
895,2072629,6952
1666,2072840,30
293,2073585,43493
1472,2073946,276
1575,2075590,113
1587,2076052,94
364,2076485,34772
932,2076908,5997
69,2077042,116533
31,2077500,174748
537,2078175,19183
514,2078176,20559
315,2078276,40128
822,2078678,8817
1699,2078984,13
1416,2078998,406
1502,2079605,222
963,2079911,5139
124,2080309,85262
455,2080812,24669
1527,2080854,169
1309,2080999,874
801,2081316,9570
1479,2081500,265
1396,2081698,494
1478,2082286,266
179,2082469,64578
1077,2083024,3063
338,2083091,37658
305,2083788,42221
437,2083885,26214
72,2084142,114517
25,2084332,183503
425,2084340,27173
487,2084797,22331
205,2085554,58362
1230,2085697,1397
1160,2085977,2043
161,2086782,71395
586,2087044,17025
1119,2087047,2527
136,2087974,80338
1018,2088089,4132
680,2088292,13038
450,2088438,25041
965,2088545,5129
879,2088603,7284
1127,2088720,2405
114,2088835,89456
1423,2089545,384
1588,2089939,94
240,2090629,50312
9,2090745,257739
125,2090921,85240
896,2091224,6945
1543,2091259,145
552,2092609,18473
329,2092734,38861
591,2092837,16679
952,2092900,5420
957,2093156,5345
574,2093353,17425
417,2093396,28004
1410,2093605,415
746,2093981,11169
44,2094332,147669
519,2094480,20392
1567,2095032,120
169,2095097,68601
773,2095168,10282
1517,2096015,198
1434,2096365,353
918,2096765,6282
369,2096974,34265
1221,2097174,1504
1506,2097510,212
1312,2098302,859
877,2098395,7441
24,2098548,185351
792,2098905,9872
1051,2098940,3445
316,2098997,39842
26,2100268,183361
318,2100524,39637
1274,2100821,1099
1028,2101178,3939
762,2101531,10521
1020,2101846,4110
1523,2102025,190
633,2102310,14543
625,2102822,15006
1055,2103338,3429
351,2103534,36808
1634,2104192,52
500,2104259,21397
1192,2105233,1767
1483,2105616,260
1054,2106040,3432
1712,2106685,10
575,2106801,17399
53,2109083,132868
1421,2109384,394
1692,2109652,16
328,2109969,38926
649,2110005,14048
1255,2110087,1203
1541,2110338,147
864,2110351,7705
1514,2110410,200
1097,2110662,2815
1367,2112320,633
1060,2112353,3356
11,2112530,243207
350,2112721,36822
3,2112797,432189
84,2112801,106480
567,2113353,17639
784,2113377,10000
194,2113497,60373
1009,2113522,4306
1605,2113702,71
118,2113964,87675
488,2113999,22169
292,2114370,43758
1149,2114502,2133
824,2114867,8794
1735,2115070,1
596,2115128,16487
648,2115188,14050
1615,2115298,65
1461,2116252,306
969,2116596,5084
1254,2116934,1223
1053,2117494,3439
1198,2117522,1723
1277,2117545,1082
443,2117706,25680
1307,2117739,882
1140,2118135,2320
1157,2118197,2052
956,2118228,5353
1076,2118444,3071
1241,2118596,1306
1012,2118605,4242
760,2118644,10573
247,2119519,49885
1672,2119588,27
176,2119635,66359
242,2119727,50144
1270,2120413,1110
1289,2120634,991
280,2120953,44946
1275,2120954,1096
323,2121004,39329
967,2121007,5123
1105,2121172,2744
4,2121243,428322
415,2121326,28073
43,2121468,149117
1333,2121745,780
191,2121850,61180
646,2121965,14072
219,2122184,55303
445,2122269,25574
1679,2122415,26
1619,2122501,61
74,2122743,111877
366,2122744,34664
861,2122757,7779
1169,2122773,1961
1383,2122907,571
223,2123065,53555
778,2123325,10092
1436,2123328,347
99,2123609,95161
1718,2123952,5
1498,2124157,231
554,2124191,18382
1638,2124248,48
274,2124483,45507
577,2124699,17393
386,2124706,31609
494,2124889,21866
14,2124912,223411
104,2124934,93420
1209,2124962,1633
354,2125070,36685
227,2125286,52857
1284,2125437,1012
92,2125883,100271
1199,2125887,1719
1170,2125992,1958
1477,2126186,267
775,2126355,10268
243,2126523,50029
218,2126585,55598
531,2126872,19453
226,2126926,53049
711,2126990,12168
972,2127087,5003
1667,2127421,30
170,2127652,67692
282,2127679,44720
122,2127978,86204
1259,2128117,1161
1612,2128231,68
309,2128254,40965
713,2128709,12096
781,2128799,10034
676,2128808,13144
1300,2128951,927
295,2129150,43355
162,2129194,71292
1707,2129226,10
397,2129228,30370
914,2129523,6381
200,2129677,58815
1332,2129681,781
1315,2129889,829
436,2129923,26277
1324,2130025,793
979,2130142,4842
109,2130145,91966
1624,2130339,58
420,2130473,27530
1041,2130615,3584
1533,2130617,156
1590,2130631,92
502,2130685,21384
659,2130968,13742
376,2131314,33325
974,2131331,4926
480,2131441,22953
145,2131544,75468
503,2131628,21180
1070,2131930,3187
1125,2131978,2407
418,2132109,27985
1529,2132110,160
573,2132160,17433
481,2132181,22851
1577,2132363,112
7,2132828,308708
459,2132851,24457
745,2132867,11171
183,2132944,62980
167,2133019,69120
856,2133036,7943
809,2133183,9352
478,2133335,23125
229,2133408,52681
1211,2133516,1612
117,2133518,87767
308,2133685,40967
522,2133990,20149
1317,2134248,815
1193,2134283,1753
1045,2134336,3525
954,2134425,5410
886,2134428,7163
1544,2134461,144
85,2134563,105385
361,2134775,35799
353,2134795,36692
795,2134821,9761
787,2134962,9956
600,2134983,16041
946,2135100,5552
602,2135137,15958
1736,2135462,1
1598,2135634,80
980,2135744,4830
867,2135995,7672
45,2136006,145540
207,2136021,57969
1107,2136090,2723
400,2136214,29985
499,2136220,21408
381,2136273,32925
172,2136315,67590
258,2136658,47945
934,2136696,5949
116,2136699,88189
302,2136708,42375
128,2136744,84842
622,2137048,15127
1073,2137106,3111
816,2137113,9035
457,2137132,24590
765,2137133,10504
126,2137186,85043
33,2137188,173406
689,2137240,12825
655,2137298,13885
1048,2137395,3490
925,2137449,6115
147,2137541,75073
842,2138001,8366
1031,2138229,3768
1388,2138323,541
40,2138682,151626
678,2138858,13076
1464,2139121,298
587,2139312,16954
1453,2139653,320
1046,2139654,3507
1456,2139716,315
1011,2139741,4269
1295,2139785,968
1442,2139794,340
1362,2139864,647
620,2140134,15175
1714,2140228,8
1111,2140286,2654
1637,2140303,49
1532,2140305,157
1675,2140333,26
1235,2140408,1347
303,2140502,42346
1542,2140559,145
164,2140679,70037
604,2140887,15915
700,2140980,12488
1328,2141000,788
1616,2141083,65
1621,2141487,60
919,2141578,6261
1491,2141717,241
694,2141813,12646
1398,2141900,482
1668,2141920,30
1176,2142015,1919
616,2142019,15335
485,2142222,22451
1417,2142246,406
1325,2142309,792
527,2142481,19718
1337,2142482,753
902,2142486,6825
401,2142538,29863
547,2142802,18666
103,2142901,93513
730,2142923,11638
68,2143028,116652
1635,2143212,52
1342,2143264,728
1433,2143421,356
910,2143478,6513
1226,2143609,1450
55,2143715,128213
1513,2144035,204
336,2144256,37974
651,2144281,14005
1552,2144307,138
804,2144325,9446
841,2144326,8367
1359,2144483,658
1344,2144766,725
1338,2144772,749
1246,2145005,1248
1103,2145225,2753
790,2145359,9912
1596,2145367,81
973,2145441,4933
1322,2145492,801
347,2145573,37206
15,2145649,215697
37,2168803,158291
430,2170748,26651
849,2170846,8156
1465,2170896,296
1378,2171013,598
1662,2171024,34
472,2171434,23772
482,2171585,22847
512,2171586,20730
1708,2171612,10
740,2171938,11249
1262,2171983,1156
561,2172056,18134
1685,2172065,20
1715,2172107,8
1606,2172216,71
831,2172610,8646
549,2172761,18593
112,2172838,90101
1276,2173040,1096
1721,2173071,3
1134,2173075,2366
312,2173210,40661
1316,2173262,818
1129,2173272,2395
1251,2173300,1227
1440,2173333,341
1063,2173364,3320
504,2173649,21145
1562,2173719,126
995,2173766,4525
1581,2173782,96
1243,2173921,1271
383,2174060,32089
217,2174102,55663
805,2174163,9439
1604,2174178,74
387,2174195,31575
234,2174198,52035
643,2174202,14131
1366,2174544,640
66,2174772,118593
113,2174871,89816
768,2174904,10398
269,2174905,46156
277,2175100,45274
752,2175174,10976
1273,2175357,1104
891,2175505,7058
1475,2175542,275
1445,2175606,336
1087,2175660,2966
1042,2175711,3579
1109,2175784,2693
286,2175860,44411
1004,2175878,4449
990,2175897,4622
906,2176054,6621
763,2176068,10516
1052,2176116,3442
889,2176243,7126
56,2176348,125860
181,2176355,63621
1524,2176379,186
603,2176385,15946
1429,2176484,363
1113,2176589,2648
17,2176591,209408
424,2176594,27345
1582,2176615,96
832,2176663,8642
155,2176673,71906
199,2176707,59183
1271,2176735,1107
1547,2176774,140
936,2176830,5940
484,2176880,22467
1424,2176921,376
1570,2176927,120
1121,2176933,2463
1684,2176949,21
595,2176950,16498
1006,2176951,4396
177,2176985,65013
380,2176997,33112
1155,2177058,2069
1454,2177104,320
534,2177105,19222
326,2177122,39250
505,2177144,21123
981,2177166,4817
686,2177264,12866
1201,2177327,1707
496,2177328,21707
706,2177329,12216
697,2177331,12590
571,2177332,17457
1655,2177342,38
777,2177379,10097
825,2177523,8754
607,2177554,15796
911,2177595,6484
498,2177606,21497
70,2177696,115869
827,2177697,8700
660,2177698,13714
772,2177699,10285
715,2177721,12006
581,2177722,17106
695,2177723,12607
687,2177724,12856
1288,2177731,1000
239,2177754,50928
708,2177759,12214
268,2177761,46343
576,2177766,17394
945,2177768,5586
681,2177769,13038
1024,2177770,4032
1131,2177802,2379
1364,2177807,643
692,2177858,12767
859,2177881,7834
606,2177914,15867
782,2178074,10021
1639,2178075,48
721,2178076,11788
847,2178077,8206
720,2178078,11820
411,2178079,28446
892,2178080,7020
533,2178081,19284
731,2178082,11549
880,2178083,7280
1676,2178122,26
1108,2178123,2711
780,2178131,10057
1146,2178132,2192
912,2178140,6473
916,2178141,6331
208,2178148,57905
337,2178156,37891
1622,2178199,60
1281,2178200,1026
1227,2178201,1434
1681,2178202,24
1518,2178203,197
1321,2178204,807
997,2178205,4500
1659,2178206,36
447,2178434,25428
871,2178451,7494
100,2178467,94746
624,2178475,15032
1595,2178560,82
978,2178569,4864
322,2178602,39369
360,2178638,36021
538,2178802,19125
921,2178808,6231
1,2178811,534162
222,2178892,54008
22,2178927,192712
497,2178951,21522
358,2178966,36513
189,2178972,61434
101,2178973,94324
451,2178984,24923
555,2178986,18268
709,2179006,12214
426,2179007,27100
232,2179017,52658
135,2179018,81453
345,2179026,37328
830,2179027,8673
722,2179029,11756
1525,2179030,174
793,2179037,9863
1732,2179061,2
209,2179093,57690
908,2179095,6547
238,2179107,51303
140,2179108,78091
808,2179123,9402
1673,2179146,27
987,2179170,4678
753,2179191,10974
94,2179275,99601
64,2179320,119433
1174,2179322,1926
657,2179323,13760
627,2179326,14984
913,2179332,6414
1025,2179333,3995
479,2179393,22985
38,2179394,156824
863,2179399,7724
546,2179411,18764
703,2179412,12365
679,2179413,13073
756,2179414,10748
389,2179460,31526
1002,2179488,4457
668,2179493,13514
10,2179516,244701
306,2179524,42217
1360,2179552,653
1375,2179564,607
1409,2179612,416
1412,2179627,412
1088,2179646,2936
868,2179725,7642
435,2179727,26281
635,2179728,14501
483,2179790,22546
1179,2179791,1866
747,2179792,11161
675,2179793,13153
705,2179794,12258
1102,2179795,2758
542,2179796,18963
1504,2179797,219
1386,2179807,549
1677,2179847,26
714,2179885,12068
1200,2179975,1715
254,2179988,48077
985,2179989,4693
1509,2180047,208
718,2180058,11898
391,2180087,30900
1247,2180088,1242
1548,2180089,140
375,2180090,33366
565,2180091,17751
738,2180092,11346
647,2180093,14054
666,2180094,13573
545,2180095,18885
1005,2180096,4422
1135,2180125,2359
1049,2180143,3481
950,2180147,5451
1361,2180148,650
1591,2180152,92
1559,2180194,130
1693,2180201,16
410,2180297,28541
1601,2180301,77
1709,2180401,10
1536,2180431,152
820,2180461,8829
653,2180493,13917
821,2180532,8828
1142,2180533,2296
836,2180534,8473
1688,2180535,18
491,2180536,21948
1326,2180538,791
767,2180539,10404
632,2180547,14690
729,2180548,11694
813,2180620,9119
843,2180626,8336
1430,2180638,363
641,2180651,14164
803,2180662,9453
296,2180697,43178
882,2180740,7228
888,2180825,7154
1158,2180923,2046
156,2180955,71805
564,2180995,17882
154,2181025,72678
1385,2181032,568
1351,2181075,692
915,2181095,6369
58,2181101,122597
1353,2181104,670
432,2181141,26446
452,2181199,24731
1116,2181209,2553
174,2181217,67020
307,2181219,41798
1335,2181225,760
834,2181245,8554
276,2181298,45289
265,2181315,47043
1694,2181338,16
1034,2181421,3748
939,2181428,5802
368,2181431,34507
1278,2181476,1029
1269,2181481,1111
776,2181488,10177
797,2181523,9676
960,2181536,5294
152,2181542,72849
1114,2181647,2598
897,2181669,6940
290,2181676,44006
244,2181688,50010
1355,2181694,669
304,2181708,42331
528,2181744,19691
802,2181768,9521
489,2181774,21982
636,2181789,14294
1427,2181798,366
583,2181807,17074
1617,2181809,64
710,2181811,12182
1566,2181818,123
905,2181819,6709
690,2181824,12802
266,2181835,47014
202,2181837,58435
1291,2181847,986
887,2181850,7161
1092,2181853,2871
1217,2181860,1548
1086,2181865,2979
371,2181891,34204
942,2181941,5729
1318,2181959,814
260,2181972,47689
171,2181974,67592
870,2182006,7497
707,2182015,12215
1392,2182034,523
1696,2182056,14
1618,2182060,62
725,2182061,11729
1308,2182062,882
702,2182063,12443
1710,2182064,10
1266,2182065,1126
1608,2182083,70
146,2182121,75459
1094,2182124,2842
1493,2182125,234
77,2182145,110764
1370,2182155,620
1078,2182161,3060
279,2182169,44953
1500,2182185,225
456,2182227,24658
598,2182228,16188
559,2182242,18155
198,2182246,59646
1287,2182257,1005
683,2182260,12959
291,2182261,43947
213,2182267,56666
833,2182271,8607
81,2182274,107172
800,2182276,9614
940,2182287,5780
1348,2182307,712
1372,2182309,612
197,2182326,60047
1068,2182344,3211
1682,2182356,24
614,2182357,15520
221,2182386,54318
996,2182398,4523
1202,2182584,1699
178,2182610,64654
515,2182710,20529
579,2182830,17272
470,2182836,23908
754,2182840,10942
1095,2182893,2832
325,2182953,39267
1195,2182955,1743
1144,2182957,2220
1100,2182959,2776
917,2183042,6314
431,2183051,26567
465,2183126,24193
873,2183181,7483
365,2183201,34742
377,2183209,33143
187,2183227,62077
1124,2183233,2433
1613,2183234,68
462,2183238,24302
634,2183239,14502
1733,2183251,2
363,2183254,35115
1397,2183267,487
524,2183281,19971
1139,2183283,2334
348,2183288,36912
664,2183314,13651
297,2183317,43052
1282,2183397,1026
1414,2183407,410
1374,2183422,609
1678,2183433,26
473,2183448,23706
1214,2183449,1580
16,2183455,211763
1228,2183470,1417
783,2183480,10003
388,2183481,31566
857,2183482,7901
210,2183483,56964
601,2183486,15974
283,2183488,44679
370,2183490,34225
87,2183491,103856
924,2183493,6116
138,2183545,80065
663,2183546,13667
1043,2183599,3563
1630,2183601,54
654,2183605,13910
321,2183613,39389
252,2183616,48396
1232,2183634,1366
667,2183635,13549
1535,2183638,154
748,2183639,11125
248,2183642,49586
1132,2183643,2371
1470,2183650,286
1167,2183797,2001
1358,2183801,659
829,2183804,8673
1050,2183840,3457
1425,2183901,368
342,2183955,37453
1402,2183957,461
1039,2183959,3634
343,2183970,37437
605,2183976,15891
1090,2183983,2912
639,2183991,14188
1224,2183995,1460
1147,2183996,2159
558,2183998,18156
1599,2184003,79
272,2184011,45890
1173,2184021,1939
1373,2184026,612
584,2184036,17063
446,2184047,25544
1212,2184052,1602
1069,2184056,3207
1233,2184101,1365
1117,2184102,2546
989,2184103,4631
1122,2184109,2448
878,2184114,7285
1701,2184117,12
1716,2184119,8
977,2184134,4880
1026,2184135,3957
421,2184141,27521
1334,2184146,767
817,2184148,9022
1022,2184150,4075
263,2184155,47280
356,2184160,36536
215,2184165,56190
1384,2184168,569
593,2184171,16595
1704,2184172,11
1071,2184174,3165
964,2184178,5138
1205,2184186,1684
1389,2184187,537
1451,2184189,325
1058,2184190,3394
1490,2184193,247
1380,2184201,585
1457,2184203,315
412,2184204,28439
1447,2184207,333
1171,2184210,1953
1264,2184213,1135
1027,2184214,3954
848,2184215,8171
475,2184217,23520
665,2184221,13575
501,2184223,21390
1035,2184234,3718
394,2184237,30517
507,2184241,20930
1040,2184243,3624
1702,2184245,12
612,2184247,15567
618,2184250,15239
958,2184251,5336
1145,2184255,2197
983,2184259,4735
1314,2184271,830
852,2184275,8106
1248,2184280,1237
1683,2184285,24
1223,2184286,1469
812,2184287,9245
927,2184289,6106
1207,2184294,1642
1081,2184295,3023
1197,2184297,1726
1371,2184304,615
1037,2184313,3677
1623,2184316,59
1484,2184321,260
1738,2184323,0
142,2184324,77725
869,2184332,7525
1343,2184339,726
1497,2184341,231
1339,2184343,745
1112,2184350,2648
1508,2184352,209
1272,2184359,1104
1556,2184362,132
1663,2184368,34
1061,2184373,3354
1460,2184374,310
1554,2184375,132
1390,2184378,527
1550,2184379,139
1492,2184385,240
779,2184386,10060
1462,2184389,300
1737,2184393,1
1723,2184395,3
1279,2184396,1028
1449,2184397,328
1658,2184398,37
1467,2184399,293
1450,2184414,328
1703,2184418,12
1722,2184420,3
1720,2184423,4
1488,2184426,253
1346,2184427,720
1345,2184434,722
1065,2184435,3256
1609,2184443,70
1660,2184446,35
1459,2184448,310
1597,2184456,81
1592,2184459,89
1064,2184461,3297
1297,2184470,944
1629,2184473,55
1208,2184476,1642
21,2184479,196972
1573,2184485,114
1327,2184496,789
1560,2184498,130
1474,2184501,276
1697,2184505,14
1686,2184522,20
1551,2184560,138
