377,16,11367
502,54,2988
188,164,47062
645,214,472
412,813,7674
420,948,6941
360,1488,12683
685,2115,290
176,2466,50732
495,3638,3175
167,3904,54046
373,5515,11763
694,6445,229
515,6593,2629
807,7185,35
186,9148,47379
340,10764,15207
667,10902,362
758,10965,94
100,11565,95113
454,11758,4595
383,13583,10370
732,15527,147
586,16275,1027
223,19450,37469
297,20146,20383
10,20451,260609
792,23046,45
92,23632,103947
436,24249,5725
102,28243,93613
684,31891,295
538,35585,1950
833,49682,18
560,64340,1411
728,75864,154
299,80335,19827
197,80863,44173
718,83966,170
438,91387,5632
765,102641,90
795,114956,41
74,141108,117498
572,144527,1176
719,156444,170
371,183045,11905
673,183902,342
318,184307,18110
724,187417,166
532,191715,2089
391,193545,9690
446,201700,5009
330,202854,16375
460,216871,4505
182,217192,48563
236,219202,34545
38,219369,165653
59,222751,128754
307,231570,19008
729,238040,150
64,240304,124252
317,247494,18122
68,254189,121427
306,254547,19115
428,258443,6442
712,267903,188
8,278359,291425
628,285536,547
168,286637,53862
137,287776,73017
374,292351,11667
122,301920,80974
762,302869,93
814,304119,28
81,311234,110007
869,316717,2
827,321281,20
325,349480,17214
592,355278,987
190,372729,46934
439,380208,5536
772,380925,85
513,384682,2709
422,403419,6753
410,412476,8048
558,433392,1429
500,433818,3048
624,474925,566
280,486339,23665
345,537507,14239
343,542783,14421
243,550454,33454
741,554232,130
871,554260,1
224,572281,37435
641,572504,486
542,577826,1787
368,590756,12134
164,656147,55146
329,656164,16667
710,666419,190
582,669607,1095
189,684733,47018
687,685863,262
857,689953,5
699,719468,225
259,741002,28884
519,743605,2506
649,747111,458
618,769552,651
787,772163,50
260,776487,28574
348,779531,13751
153,784340,61704
414,786529,7317
161,789512,56671
87,795080,106824
43,800543,150093
61,804111,128066
183,817959,47876
695,819429,228
588,820845,1023
202,835134,41900
132,860318,75057
639,862424,491
156,862456,60353
84,865857,107663
494,866900,3178
33,888810,174628
44,891173,147624
172,907588,52197
440,908754,5268
704,911726,212
658,912249,406
60,912352,128068
154,925391,61358
692,926570,240
91,934653,103982
872,945125,1
293,945659,21493
788,967045,50
241,986252,33619
820,987383,25
671,991519,352
95,992825,101177
696,1001039,228
657,1006563,407
342,1007629,14664
689,1024499,253
530,1028035,2106
326,1036162,17056
796,1037239,40
629,1040712,545
797,1041417,40
794,1075536,42
815,1078293,28
759,1084230,94
517,1091882,2578
661,1096810,400
401,1097438,8829
141,1100445,71023
679,1108466,314
36,1124356,167121
697,1126755,226
470,1130513,4036
352,1137797,13493
311,1148395,18640
40,1156788,155060
321,1166358,17636
151,1169034,64471
165,1173630,54885
566,1173977,1320
85,1174348,107244
504,1182358,2968
760,1184145,94
850,1186212,9
664,1187462,385
593,1193040,987
490,1203157,3252
108,1233516,89813
145,1247466,68554
583,1248571,1067
362,1259861,12550
798,1262288,40
821,1267847,25
1,1271321,390173
455,1301199,4571
336,1317137,15268
113,1320170,85240
273,1323047,25529
384,1326344,10124
473,1335782,3965
2,1342035,380448
163,1344475,56147
244,1344786,33171
601,1348773,888
642,1363205,486
676,1369805,325
264,1370083,26807
770,1379818,89
851,1385666,9
53,1390210,137426
238,1398254,34289
355,1403742,13167
705,1405084,212
98,1406307,96441
267,1419758,26256
599,1423677,920
551,1427030,1564
691,1433177,248
379,1459338,11276
508,1469587,2906
816,1470110,28
459,1471280,4520
289,1472448,21920
527,1478392,2310
574,1479932,1160
823,1485545,23
193,1485683,46421
790,1498879,48
738,1510598,134
136,1515545,73205
468,1519293,4098
742,1522246,130
842,1523225,12
65,1535952,123903
57,1543507,131262
213,1545062,40065
50,1546340,138843
222,1549959,37477
528,1550162,2280
529,1551180,2211
774,1553074,83
663,1553266,392
785,1555525,53
228,1556649,36392
101,1563523,93626
733,1564217,147
521,1564945,2450
411,1566793,7687
94,1571842,102921
54,1573548,134929
539,1577430,1913
179,1577451,49393
541,1578846,1863
405,1579889,8525
12,1580481,239766
55,1586763,134134
49,1587053,140619
227,1594692,36601
198,1595726,43979
150,1598893,64889
736,1600033,139
399,1603303,8874
51,1608799,138244
120,1609139,81694
303,1610816,19481
235,1611365,34706
56,1613388,132538
138,1615111,72721
170,1617970,53553
427,1627158,6606
308,1629978,19006
730,1642395,150
590,1650928,1017
128,1651308,78367
635,1652831,511
332,1653036,16296
123,1657363,80771
587,1663439,1026
714,1665557,175
158,1666646,58457
309,1667957,18953
580,1667968,1115
486,1671571,3492
462,1673222,4356
230,1678679,35376
7,1682674,295200
314,1683698,18521
147,1684263,67519
715,1691132,175
271,1696634,25590
824,1696964,23
356,1702291,13070
324,1703257,17285
313,1706235,18528
207,1707975,40788
76,1714244,114584
279,1715991,23778
493,1716245,3193
870,1721928,2
338,1723176,15250
41,1731373,153800
497,1734443,3144
90,1736828,104207
858,1740644,5
540,1740954,1877
9,1745999,261350
89,1747072,104250
118,1747712,83490
846,1751219,10
408,1751869,8284
131,1752476,75066
779,1756097,72
799,1762371,40
731,1762817,150
811,1766082,30
381,1766388,11213
229,1772681,35945
800,1772694,40
847,1777202,10
200,1783178,43110
116,1783692,84808
99,1784555,95455
52,1786798,137778
97,1793379,96674
37,1796437,166732
126,1806454,78616
75,1810435,114611
619,1814340,630
554,1819308,1533
709,1820634,194
135,1820940,74286
290,1820949,21829
516,1821118,2603
282,1824034,23420
63,1825930,126747
672,1826108,345
766,1830104,90
219,1833730,38115
370,1836199,11942
836,1845090,15
523,1851914,2392
579,1858260,1121
596,1860047,939
269,1863997,26192
450,1875804,4817
778,1879611,73
480,1885328,3653
265,1887375,26805
291,1889098,21660
726,1891510,156
511,1894074,2742
146,1894143,67910
675,1894149,334
503,1894432,2975
26,1898371,193680
14,1905015,231778
363,1907385,12465
747,1909023,125
211,1911553,40345
34,1912482,173689
750,1915106,115
226,1921999,36779
822,1922194,25
421,1922589,6881
478,1934829,3712
221,1935738,37535
646,1941136,467
214,1945137,39788
286,1946447,22614
72,1947487,119816
674,1951415,336
129,1951772,77076
773,1955107,85
24,1958874,194356
45,1961278,147621
783,1961435,60
856,1961693,7
485,1963398,3555
526,1964000,2320
281,1966979,23542
862,1967572,4
432,1969944,5973
859,1970276,5
274,1979816,24816
722,1979860,168
148,1980096,66688
96,1982781,98850
452,1983197,4779
831,1985704,19
605,1986226,825
70,1989499,120825
609,1989749,766
595,1992450,976
23,1993222,195041
631,1993578,530
166,1994814,54215
358,1994940,12880
192,1997833,46601
743,1998385,130
443,1999464,5039
104,2002238,91747
550,2003676,1570
535,2005788,1972
647,2007265,464
248,2009293,32285
716,2009697,175
848,2011559,10
88,2014236,104274
111,2017869,86437
638,2018016,492
748,2018546,124
466,2018579,4129
18,2021767,222131
11,2023202,251767
31,2025956,180553
258,2027527,29033
125,2028057,78863
367,2031095,12163
157,2032066,58641
458,2034229,4534
837,2036434,15
252,2038416,31208
169,2042685,53697
702,2044485,215
713,2045489,180
302,2045759,19535
105,2049063,91636
114,2051496,85216
294,2054225,21185
589,2054684,1018
608,2054744,770
578,2055445,1137
782,2055623,63
536,2056203,1959
261,2056942,28284
67,2057638,121938
784,2057827,58
419,2058154,6965
630,2058565,532
444,2058795,5015
701,2059008,216
353,2059063,13282
763,2059472,93
296,2060287,20421
365,2060580,12196
242,2062192,33581
484,2062753,3578
475,2063206,3779
110,2064866,89456
524,2065272,2374
406,2067012,8523
234,2070095,34715
808,2070129,35
285,2070871,22701
107,2071214,89986
378,2071464,11354
240,2073585,33620
739,2073946,134
42,2076485,151955
366,2077042,12173
220,2077500,37778
210,2078276,40440
143,2080309,69847
660,2080999,403
678,2081500,315
80,2082469,111745
597,2083024,927
239,2083091,33658
159,2083788,58260
270,2083885,25623
62,2084142,126955
5,2084332,324816
233,2085554,34843
152,2085697,62259
533,2085977,2035
385,2086782,9997
801,2086862,40
708,2087044,200
124,2087974,78986
469,2088089,4067
434,2088438,5931
445,2088545,5011
298,2088603,20356
555,2088720,1510
212,2090629,40121
3,2090745,371624
781,2090921,65
181,2091224,48591
344,2092609,14330
250,2092734,31779
789,2092837,50
543,2092900,1777
863,2093605,4
28,2094332,190779
749,2095032,120
180,2095097,48641
553,2095168,1549
602,2096765,872
834,2096974,18
627,2098302,551
464,2098395,4184
625,2098548,554
662,2098905,398
231,2098997,35057
509,2100268,2826
668,2100821,362
746,2101178,126
686,2101531,267
488,2101846,3454
525,2102165,2347
600,2102310,902
864,2102822,4
415,2103534,7317
573,2106040,1176
275,2109083,24730
659,2109384,405
843,2109969,12
725,2110451,166
706,2110662,212
777,2112353,75
106,2112530,91321
216,2112721,39666
394,2112797,9483
175,2112801,51118
751,2113353,115
93,2113497,103905
703,2113522,215
83,2113964,108433
803,2113999,37
425,2114370,6694
617,2114502,656
581,2115128,1099
643,2115188,484
604,2116596,830
812,2116934,30
612,2117522,732
804,2117545,36
284,2117706,22934
826,2118228,21
249,2118644,32062
71,2119519,119892
388,2119588,9751
69,2119635,121109
598,2119727,925
655,2120954,417
449,2121004,4924
435,2121007,5731
13,2121243,238825
177,2121326,50186
278,2121468,23935
155,2121850,60780
802,2121965,40
73,2122184,119580
756,2122269,104
35,2122743,171540
139,2122744,72589
191,2122757,46865
337,2122773,15260
115,2123065,84897
828,2123325,20
103,2123609,93431
476,2124157,3725
390,2124191,9714
215,2124483,39751
225,2124706,37220
195,2124889,46291
27,2124912,191227
121,2124934,81059
818,2124935,26
849,2124962,10
791,2125286,46
835,2125437,18
616,2125883,664
786,2126394,53
4,2126523,340995
369,2126872,12124
636,2126926,499
395,2126990,9465
467,2127652,4129
283,2127679,23266
805,2127897,36
20,2127978,207162
320,2128799,18018
335,2129194,15568
287,2129228,22471
15,2129677,229797
644,2129923,484
767,2129948,90
77,2130145,114248
852,2130339,9
561,2130685,1395
474,2131097,3905
817,2131314,28
648,2131331,460
310,2131441,18654
66,2131544,123813
305,2131628,19152
584,2132181,1056
6,2132828,300768
510,2132851,2780
562,2132867,1394
276,2132944,24383
46,2133019,147235
357,2133335,12945
174,2133408,51749
130,2133518,76385
622,2133685,594
430,2134428,6104
806,2134461,36
32,2134563,176272
442,2134775,5155
437,2134821,5634
768,2134962,90
341,2134983,15144
559,2135100,1417
409,2135744,8130
301,2136006,19686
255,2136214,29819
448,2136220,4941
323,2136273,17321
254,2136315,30021
82,2136699,109433
611,2136708,739
347,2137048,13879
570,2137106,1220
844,2137113,12
277,2137186,24294
22,2137188,196115
256,2137298,29302
680,2137395,313
134,2137541,74519
744,2137564,130
171,2138682,52707
711,2139654,190
501,2139741,3036
819,2139864,26
178,2140134,49866
764,2140305,92
204,2140502,41518
855,2140559,8
564,2140679,1386
613,2140980,728
563,2141578,1391
610,2141813,763
477,2142015,3716
109,2142222,89472
232,2142538,34973
426,2142802,6619
149,2142901,65893
677,2142923,324
331,2143028,16334
518,2143421,2511
506,2144035,2938
205,2144281,41209
575,2145225,1158
392,2145359,9674
447,2145573,4958
19,2145649,215217
397,2168803,9310
839,2170896,14
780,2171434,70
300,2171585,19775
160,2171938,58119
489,2171983,3427
334,2172056,16038
451,2172610,4785
140,2172761,71842
86,2172838,107206
700,2172891,224
491,2173210,3226
832,2173272,19
472,2173364,3972
333,2173649,16208
453,2174060,4711
21,2174102,196635
304,2174163,19437
173,2174198,52101
346,2174202,14030
209,2174772,40464
720,2174871,170
389,2174904,9737
203,2174905,41623
247,2175100,32373
375,2175174,11463
682,2175660,309
199,2175860,43895
571,2175878,1218
505,2176348,2962
268,2176355,26215
717,2176379,172
670,2176484,353
404,2176591,8710
127,2176673,78382
653,2176830,441
479,2176880,3657
745,2176951,130
144,2176985,69539
117,2176997,83717
349,2177105,13704
185,2177122,47692
142,2177144,70349
482,2177166,3583
757,2177379,104
413,2177523,7512
416,2177554,7247
615,2177595,708
382,2177606,10890
48,2177696,142856
809,2177759,32
481,2177770,3590
194,2177858,46382
755,2177914,106
606,2178132,816
398,2178156,8955
556,2178434,1432
441,2178451,5223
775,2178467,79
577,2178638,1144
17,2178811,223624
380,2179037,11214
545,2179095,1743
402,2179191,8799
569,2179275,1255
79,2179320,111919
520,2179332,2503
292,2179393,21524
16,2179394,225690
246,2179488,32693
30,2179516,183922
734,2179524,142
838,2179552,15
423,2179727,6747
400,2179728,8849
865,2179807,4
387,2179885,9838
237,2179988,34482
461,2179989,4489
752,2180297,113
407,2180626,8346
568,2180651,1257
328,2180662,16741
810,2180955,31
547,2181023,1710
386,2181025,9845
457,2181032,4535
47,2181101,144557
776,2181104,79
184,2181217,47844
621,2181219,606
133,2181298,74588
522,2181428,2408
196,2181431,46014
656,2181476,416
829,2181523,20
633,2181536,520
29,2181542,184081
531,2181669,2093
201,2181676,42981
737,2181688,137
253,2181708,30238
403,2181744,8715
650,2181768,454
315,2181774,18489
266,2181789,26553
272,2181824,25570
546,2181835,1711
825,2181860,22
112,2181891,85265
514,2182015,2683
603,2182034,847
208,2182121,40535
698,2182125,226
58,2182145,131203
585,2182169,1045
162,2182227,56172
652,2182228,444
316,2182242,18151
721,2182257,170
433,2182260,5953
499,2182261,3075
339,2182267,15230
424,2182271,6723
119,2182274,81924
840,2182276,13
465,2182287,4174
735,2182309,140
351,2182326,13503
640,2182344,489
327,2182357,16879
206,2182386,41114
431,2182610,6021
860,2182836,5
841,2182955,13
723,2182957,168
456,2183126,4557
498,2183181,3111
544,2183201,1760
187,2183227,47189
690,2183251,252
350,2183314,13548
665,2183422,370
354,2183428,13194
218,2183448,38356
257,2183455,29298
552,2183480,1558
78,2183481,113380
548,2183482,1701
217,2183483,39378
361,2183486,12627
666,2183488,367
251,2183490,31609
39,2183491,157521
693,2183493,235
376,2183545,11450
418,2183546,7030
634,2183599,512
359,2183605,12834
688,2183616,260
654,2183634,429
861,2183642,5
288,2183804,21947
873,2183955,1
245,2183970,32790
637,2183996,495
319,2183998,18102
853,2184028,9
591,2184056,1017
483,2184114,3579
492,2184134,3202
565,2184155,1357
312,2184165,18603
534,2184171,2006
463,2184174,4314
761,2184201,94
874,2184203,1
322,2184204,17329
537,2184207,1955
372,2184215,11850
396,2184221,9413
393,2184223,9544
866,2184234,4
813,2184237,30
364,2184243,12276
845,2184247,12
830,2184250,20
417,2184251,7237
626,2184255,552
263,2184275,27190
620,2184280,618
651,2184286,448
295,2184287,20451
512,2184289,2728
867,2184295,4
25,2184324,194066
707,2184341,207
868,2184343,4
496,2184350,3155
567,2184359,1266
854,2184368,9
607,2184373,814
771,2184375,89
262,2184378,28251
429,2184386,6191
683,2184389,300
623,2184399,581
487,2184401,3465
614,2184427,720
471,2184435,4021
681,2184448,310
507,2184461,2910
549,2184485,1663
594,2184496,987
669,2184498,355
754,2184508,108
793,2184517,44
632,2184526,525
740,2184541,134
557,2184552,1432
727,2184583,155
769,2184806,90
576,2184847,1156
753,2184872,111
