2,1,2384393
16,2,707451
7,3,1960495
55,8,23685
29,9,165511
8,10,1913370
41,11,60049
37,12,86030
10,15,1702455
3,16,2365694
4,19,2309213
5,20,2166504
69,22,8418
6,24,1974221
62,26,15884
11,28,1260036
15,29,877941
13,35,999567
26,41,197013
85,44,1014
88,45,859
18,50,408092
81,59,2215
91,61,416
19,62,274234
58,65,19581
28,68,174474
12,69,1037750
63,70,14976
77,73,3421
1,75,3051793
60,76,19071
35,77,90486
34,78,99263
40,79,62639
56,81,22113
20,82,270800
80,84,2379
14,85,891095
92,90,353
21,93,248552
53,94,24780
98,96,68
64,101,14188
24,105,214217
79,106,2407
66,107,13303
17,111,616833
83,112,1306
70,113,8087
97,116,174
32,120,127388
87,124,911
90,126,583
65,132,13633
103,133,2
52,136,26242
36,137,90027
22,139,243583
42,147,59646
45,150,49715
67,152,12096
51,153,28766
46,154,49622
76,157,4050
43,160,55961
30,162,142261
9,167,1863928
49,169,42521
102,170,8
23,171,240557
94,175,240
25,176,199880
39,177,64193
31,179,139497
44,181,49822
68,182,9313
93,187,310
73,191,6953
95,192,240
54,194,24209
75,196,4134
84,197,1275
38,200,81136
48,203,44202
61,204,18694
59,205,19176
72,206,6975
71,207,7402
78,208,2719
47,211,47305
57,212,20564
99,218,39
33,219,109728
96,224,216
50,225,42485
100,230,37
101,232,32
27,237,177446
82,239,1354
89,240,845
86,241,1013
74,242,4775
