644,164,25
667,214,12
144,813,14718
260,948,5681
343,1488,2583
541,1871,271
708,2115,2
365,2426,2162
148,3257,14337
472,3638,739
225,4675,7756
256,6593,5904
467,7185,796
369,7672,2060
159,9148,13196
281,10764,4611
738,10902,0
638,11565,26
215,15527,8273
161,19450,13007
677,20146,10
670,20451,11
373,20634,2032
585,22529,97
348,23046,2547
458,28243,905
517,31243,427
505,31891,524
76,35585,28554
299,49682,3923
494,77817,624
233,80335,7197
718,93720,1
625,102641,34
33,141108,62232
548,182449,204
731,183045,0
694,183902,5
419,184307,1324
438,201700,1081
578,216871,119
129,217192,16290
436,219202,1090
26,219369,73672
140,222751,14936
475,231570,728
516,247494,448
83,254189,27146
714,254547,1
158,265281,13224
278,267903,4675
121,278359,17176
426,285536,1199
559,286637,160
176,287776,11683
501,292351,567
252,301920,6086
735,302869,0
515,316717,453
381,331657,1848
622,355278,38
747,380208,0
392,380925,1701
606,384682,57
223,389146,7919
593,403419,87
167,432074,12478
229,433392,7493
250,433818,6179
145,486339,14649
576,537507,126
491,542783,640
105,550454,20264
719,554260,1
484,590756,668
588,635280,92
486,637516,664
103,656164,20376
172,666419,11802
52,669607,43382
635,684733,28
748,719468,0
321,741002,3150
402,743605,1544
204,747111,8934
422,769012,1238
550,770420,199
562,772163,154
156,779531,13307
577,781658,124
101,784340,20588
227,786529,7746
185,789512,10570
564,812287,148
589,817959,90
194,860318,9327
553,862456,189
55,865857,40658
489,866900,643
92,883040,23562
190,888810,9558
131,891173,16160
142,907588,14878
503,912352,538
401,913250,1551
598,925391,73
480,926570,703
406,945125,1481
522,945659,367
330,952827,2930
417,978034,1326
590,985782,90
626,991519,34
98,992825,21840
453,999986,961
86,1001039,25698
342,1019205,2593
664,1021247,13
91,1036162,23566
726,1040712,0
441,1043263,1032
455,1043323,926
519,1075536,417
116,1078293,17925
609,1085503,53
109,1097438,19605
346,1100445,2569
434,1108466,1096
11,1124356,129699
706,1126755,2
733,1137765,0
649,1137797,18
284,1146818,4476
240,1148395,6691
9,1156788,135675
320,1166358,3191
574,1169034,132
292,1173630,4152
18,1174348,93525
468,1182358,790
652,1184145,17
339,1186212,2668
595,1187462,80
151,1216380,14039
236,1231327,7029
567,1233516,144
186,1247466,10561
608,1248571,54
439,1259861,1076
502,1267847,543
264,1271321,5540
580,1294772,110
8,1317137,140235
722,1320170,1
118,1321682,17822
314,1323047,3448
400,1325175,1571
166,1326344,12675
599,1338801,70
93,1342035,22711
569,1344475,142
423,1344786,1228
21,1367441,84887
272,1369805,4955
745,1370083,0
504,1379818,533
371,1390210,2050
73,1398254,30439
361,1406307,2259
337,1416762,2735
150,1419758,14163
457,1423677,907
710,1453511,1
534,1459338,315
139,1471280,14993
736,1472448,0
724,1478392,1
411,1479932,1423
243,1485683,6474
713,1510598,1
630,1519293,32
97,1535952,21905
47,1543507,51122
104,1545062,20365
542,1548649,257
695,1550162,4
226,1551180,7749
307,1552780,3741
568,1553074,143
698,1553266,4
688,1555525,6
10,1556649,130950
530,1564223,321
367,1566793,2077
208,1571842,8590
496,1573465,615
313,1577451,3465
49,1578846,46683
355,1584104,2371
218,1586763,8072
239,1594692,6782
270,1595726,5162
160,1598893,13104
443,1598999,1015
728,1603303,0
222,1608799,7932
200,1613388,9061
602,1615111,61
175,1617970,11695
290,1643481,4308
165,1646529,12685
217,1646803,8116
356,1651308,2349
114,1657363,18293
511,1657441,480
497,1659003,614
237,1666646,6999
394,1666980,1663
628,1667957,34
359,1667968,2339
554,1672154,186
282,1674937,4547
437,1679379,1082
59,1682674,39114
267,1683698,5454
67,1684263,34352
715,1691132,1
388,1696634,1721
605,1702291,57
424,1703257,1218
697,1707975,4
127,1714244,16350
331,1715991,2914
184,1716245,10585
122,1721928,16969
678,1723176,9
676,1731090,10
72,1731373,30660
20,1734443,89623
37,1736828,57291
671,1740954,11
201,1747072,9057
364,1762371,2215
149,1766388,14313
332,1772694,2889
660,1773131,14
442,1783692,1021
493,1784555,629
70,1786798,31508
546,1793379,235
325,1796437,3055
335,1806454,2798
572,1810435,136
40,1814340,54625
540,1819308,274
336,1820634,2739
481,1820940,695
615,1820949,47
255,1821118,5982
266,1825930,5512
414,1826519,1330
531,1845090,319
687,1847667,6
102,1851914,20476
631,1860047,31
228,1863997,7714
716,1865755,1
57,1875804,40167
163,1885328,12808
532,1889098,318
258,1891510,5833
338,1894074,2683
372,1894432,2048
53,1905015,42412
286,1907385,4443
220,1912482,8032
251,1915106,6137
508,1921999,502
647,1934829,19
317,1935738,3282
563,1941136,150
499,1945137,594
241,1946447,6677
23,1947566,79185
449,1951415,991
75,1951772,29593
440,1955107,1067
124,1958874,16953
452,1960055,983
191,1961278,9515
521,1961501,371
62,1963398,37266
725,1964000,0
645,1966979,23
711,1967204,1
459,1967572,897
54,1978213,42242
273,1979816,4936
639,1979860,26
155,1980096,13341
245,1983197,6372
669,1985704,11
734,1985825,0
214,1986226,8316
353,1989499,2493
24,1993222,77721
38,1993578,56437
88,1994814,23826
682,1994940,8
462,1998385,866
157,1998599,13275
685,1999464,8
64,2002238,35785
108,2002702,19971
683,2003676,8
322,2005788,3118
304,2011248,3781
399,2013229,1581
311,2014236,3543
657,2015907,16
637,2017869,26
198,2018016,9137
525,2018684,345
96,2023202,22132
50,2025956,46155
368,2026008,2066
431,2027527,1130
415,2028057,1327
506,2031095,521
12,2032066,129081
646,2036434,21
231,2048251,7375
341,2049063,2598
591,2050175,89
25,2054225,76632
703,2054744,3
720,2055242,1
288,2055445,4400
547,2055623,228
274,2055973,4892
212,2056849,8402
77,2056942,28170
143,2057638,14767
393,2058491,1690
537,2058565,289
512,2060580,478
117,2062192,17916
427,2062753,1191
684,2063206,8
470,2064524,751
668,2064866,11
447,2065272,1004
689,2065395,5
14,2067012,116209
386,2070095,1788
174,2071214,11697
596,2071464,80
65,2073585,35741
259,2076485,5739
327,2077042,2994
310,2077500,3568
693,2078678,5
643,2078984,25
279,2079911,4640
413,2080309,1389
7,2082469,157629
316,2083091,3324
68,2083788,33620
561,2084332,157
418,2084797,1325
659,2085697,14
730,2085977,0
740,2086782,0
641,2086862,25
182,2087044,10790
238,2087974,6889
390,2088438,1714
454,2088603,944
132,2088720,15992
35,2090629,61285
82,2090745,27277
56,2090921,40434
749,2091224,0
350,2092609,2514
658,2092900,15
291,2093156,4245
130,2093353,16234
285,2093396,4454
732,2093981,0
71,2094332,31473
123,2094480,16957
265,2095097,5513
421,2095168,1267
95,2096974,22463
607,2097174,56
298,2098548,3923
120,2098997,17360
80,2100268,27508
613,2101178,49
211,2101531,8402
326,2101846,3036
45,2103338,51854
162,2103534,12838
303,2104259,3781
674,2106685,10
146,2109083,14612
474,2110005,729
32,2112530,65167
306,2112721,3741
405,2112797,1497
147,2112801,14488
280,2113377,4626
549,2113497,200
16,2113964,109374
15,2113999,114189
99,2114370,21232
485,2114502,665
729,2115128,0
254,2116596,5992
404,2116934,1512
315,2117494,3439
362,2117545,2245
112,2117706,18643
432,2117739,1125
334,2118228,2802
544,2118444,240
594,2118644,84
115,2119519,18102
275,2119635,4869
178,2119727,11535
138,2121004,15139
179,2121007,11457
44,2121243,53002
13,2121326,117553
27,2121468,73520
600,2121745,63
696,2121850,4
433,2121965,1115
640,2122415,26
263,2122743,5554
444,2122744,1014
633,2122757,29
621,2122773,39
555,2123065,183
396,2123325,1626
135,2123609,15771
692,2123952,5
543,2124157,242
125,2124191,16615
247,2124483,6240
363,2124699,2216
408,2124706,1470
653,2124889,17
407,2124912,1474
202,2124934,9027
324,2124962,3081
376,2125070,2017
269,2125286,5279
403,2125437,1527
377,2125883,2010
389,2125887,1717
573,2126351,133
565,2126355,147
2,2126523,187205
623,2126872,36
651,2126926,18
707,2126990,2
177,2127652,11568
19,2127679,91530
3,2127978,177824
430,2128117,1161
209,2128799,8552
513,2129228,466
618,2129523,43
737,2129889,0
302,2129923,3834
106,2130145,20253
154,2130473,13563
636,2130631,26
510,2130685,482
581,2130968,109
662,2131097,13
558,2131331,180
170,2131441,11996
482,2131544,694
193,2131628,9365
119,2132181,17603
5,2132828,161919
366,2132867,2113
398,2132944,1595
31,2133019,66305
552,2133335,190
611,2133408,50
675,2133516,10
192,2133518,9391
465,2134248,813
490,2134283,640
319,2134336,3213
579,2134425,115
61,2134563,38008
601,2134775,63
712,2134983,1
300,2135100,3897
189,2135995,9664
524,2136006,346
479,2136090,706
153,2136273,13643
345,2136315,2570
221,2136658,7995
17,2136699,94408
197,2136708,9179
94,2137188,22465
297,2137298,3983
216,2138001,8163
89,2138682,23656
460,2138858,887
51,2139741,43387
416,2140134,1327
500,2140408,582
428,2140502,1167
592,2140559,89
169,2141813,12180
656,2142019,16
4,2142222,170928
629,2142482,33
224,2142802,7870
344,2143028,2576
536,2143264,291
570,2143421,141
383,2143715,1832
296,2144035,3998
701,2145359,3
538,2145367,278
287,2145441,4421
610,2145492,53
74,2145573,29922
477,2145649,714
551,2168803,198
234,2170846,7144
461,2171585,882
619,2172056,41
723,2172216,1
374,2172610,2029
528,2172761,329
483,2172838,691
276,2173075,4847
395,2173272,1638
464,2173364,832
318,2174102,3226
435,2174163,1093
679,2174202,9
87,2174772,24969
69,2174871,31584
566,2174904,145
283,2174905,4495
79,2175100,27691
446,2175174,1008
294,2175505,4062
527,2175660,333
268,2175860,5377
741,2175878,0
28,2176348,73057
164,2176591,12749
586,2176615,96
210,2176673,8417
445,2176707,1012
242,2176735,6560
128,2176830,16307
111,2176880,18829
378,2176985,1976
41,2176997,54488
289,2177105,4332
742,2177122,0
246,2177144,6331
681,2177379,9
207,2177554,8624
478,2177696,707
39,2177759,55479
614,2177768,48
539,2177770,276
721,2178132,1
309,2178148,3576
173,2178156,11788
100,2178434,20658
253,2178451,6044
110,2178467,18952
360,2178475,2319
709,2178602,1
507,2178638,505
219,2178802,8063
295,2178808,4022
46,2178951,51706
354,2178966,2380
34,2178972,61339
134,2178973,15829
81,2178984,27380
136,2178986,15734
196,2179006,9219
85,2179007,25924
429,2179017,1165
22,2179018,80248
63,2179026,35971
232,2179027,7299
180,2179029,11395
382,2179093,1834
308,2179095,3645
107,2179107,20156
230,2179108,7457
90,2179275,23581
78,2179320,27977
514,2179323,459
617,2179326,44
328,2179332,2947
370,2179333,2054
526,2179393,334
1,2179394,253345
195,2179460,9311
43,2179488,53651
30,2179516,69634
358,2179728,2347
686,2179797,6
597,2179988,75
293,2179989,4134
168,2180651,12346
333,2180662,2802
498,2180697,612
29,2180955,69881
305,2181025,3754
584,2181075,99
199,2181101,9100
84,2181217,26557
463,2181219,860
704,2181298,2
375,2181428,2021
603,2181431,61
137,2181476,15227
187,2181488,10240
206,2181523,8770
183,2181542,10608
271,2181669,4968
699,2181676,3
451,2181688,984
181,2181708,11327
385,2181744,1795
571,2181768,138
261,2181774,5665
727,2181789,0
666,2181824,12
60,2181835,38781
36,2181837,57350
717,2181850,1
739,2181865,0
301,2181891,3866
58,2181974,39616
557,2182015,182
409,2182034,1466
632,2182121,31
312,2182145,3529
456,2182169,916
655,2182227,16
487,2182260,653
575,2182261,132
495,2182267,620
535,2182271,291
323,2182274,3108
347,2182326,2552
634,2182357,29
420,2182386,1298
587,2182398,94
352,2182610,2493
425,2182710,1212
582,2182830,101
702,2182953,3
397,2182955,1606
205,2183051,8792
583,2183126,101
476,2183181,721
518,2183227,420
171,2183238,11993
152,2183239,13695
113,2183281,18530
627,2183283,34
620,2183314,40
391,2183422,1701
244,2183448,6381
6,2183455,158084
412,2183470,1409
654,2183480,16
203,2183482,8970
213,2183483,8392
604,2183486,61
257,2183488,5849
384,2183490,1809
249,2183491,6191
380,2183493,1855
488,2183545,645
509,2183546,490
473,2183605,732
492,2183613,636
48,2183616,47047
743,2183638,0
642,2183639,25
349,2183642,2523
744,2183643,0
448,2183804,1003
133,2183955,15857
545,2183957,240
141,2183970,14894
616,2183976,47
523,2184011,351
357,2184109,2348
387,2184141,1786
529,2184148,329
351,2184150,2500
262,2184155,5614
66,2184160,34671
235,2184165,7047
410,2184171,1436
672,2184172,11
663,2184174,13
691,2184189,5
705,2184201,2
612,2184203,49
329,2184204,2935
379,2184210,1901
248,2184215,6209
471,2184237,741
126,2184243,16611
533,2184250,315
340,2184251,2602
450,2184255,990
673,2184285,11
556,2184286,182
188,2184287,9866
665,2184289,12
520,2184316,406
466,2184321,801
746,2184323,0
42,2184324,54134
661,2184341,14
690,2184343,5
277,2184375,4820
560,2184386,158
700,2184395,3
680,2184396,9
650,2184452,18
624,2184470,35
469,2184496,789
648,2184535,19
