14,1,96712
20,2,57128
10,3,272993
36,9,4276
2,10,1384179
33,11,15310
30,12,16599
5,15,499437
3,16,670566
4,19,553574
11,20,265893
8,24,338206
9,28,317371
12,29,219147
15,35,93889
27,41,23965
21,50,56239
29,62,20589
38,65,1572
52,68,8
22,69,51790
1,75,2841509
25,82,36756
7,85,413556
17,93,74057
47,105,90
46,107,115
13,111,100851
41,120,857
51,126,16
42,132,694
35,137,8307
40,139,889
44,150,368
49,153,72
53,160,3
28,162,23060
6,167,468786
19,171,57196
23,176,49293
50,181,65
37,182,1855
16,200,78733
45,203,126
32,204,15651
43,211,547
26,219,34671
48,224,89
18,237,69351
31,240,15668
24,248,37186
34,250,11871
39,253,1490
