28,1,134743
9,2,669058
11,3,608919
37,8,62120
25,9,138774
2,10,1815668
44,11,45170
43,12,47489
4,15,1588378
3,16,1629517
8,19,786187
16,20,379353
65,22,8418
5,24,1433499
72,26,4382
12,28,552656
6,29,935644
7,35,859759
22,41,185218
81,44,1014
90,45,412
29,50,123896
78,59,2215
89,61,416
21,62,217025
60,65,18466
49,68,40961
14,69,420555
80,70,1254
74,73,3538
1,75,3102868
54,76,27826
32,77,86789
31,78,87321
35,79,66611
51,81,35772
18,82,228229
77,84,2379
10,85,637542
91,90,353
23,93,159280
69,94,5168
99,96,68
17,105,228749
76,106,2407
64,107,13188
13,111,508463
79,112,1306
66,113,7912
97,116,174
48,120,41459
87,126,567
62,132,15101
92,133,338
55,136,26192
41,137,56008
53,139,28104
39,147,59646
42,150,52518
63,153,14618
83,154,946
73,157,4022
24,160,147186
26,162,137024
15,167,394733
47,169,42521
101,170,8
20,171,224273
95,175,240
30,176,107719
36,177,63314
27,179,135600
33,181,69343
67,182,7458
93,187,310
96,192,240
59,194,18523
86,197,663
50,200,39077
68,203,6392
52,204,28752
58,205,19176
70,206,5002
88,207,454
75,208,2719
34,211,69159
57,212,20564
100,218,52
38,219,61129
45,224,44648
40,225,57732
102,230,2
85,232,696
19,237,227871
82,239,998
84,240,845
61,241,17061
71,242,4710
94,245,299
56,248,22839
46,250,43033
98,253,94
