16,Stranfford,139,5,14421,335
54,Pipinf,8,0,0,1968
58,lordtony,160,1,3351,593
156,x+wars,139,2,8117,401
164,Geronnt,10,36,85403,77
214,-JAG-,177,0,0,1969
250,rubenmas2001,132,1,1135,1038
515,tomaco007,132,1,1753,847
612,mi+flaca,0,1,578,1241
644,tirsu,9,0,0,1970
645,COPE,8,1,700,1178
760,Morpheo22,137,1,1231,998
786,kinraki,0,1,607,1228
813,STCG,10,8,19213,297
930,LARDILANDIA,69,1,1152,1029
948,Anianga,162,5,24517,270
1031,SANT0,0,1,882,1115
1488,victormarra,139,9,25616,264
1659,Lagash,0,1,1607,881
1871,parris,120,1,6542,432
2115,Junago,0,0,0,1971
2197,Zeratulo,0,1,434,1361
2426,estoy,171,1,3834,552
2434,bicktos,181,1,531,1265
2466,el+ultimo+mohicano,68,11,35123,225
2546,Cain513,0,1,612,1226
2770,LYCOS,0,1,1408,936
2955,claudiah,0,1,110,1685
3257,imperio+matt,3,6,31801,234
3638,ejpajaro,0,3,6342,434
3904,ferbarom,1,28,69634,109
4090,Sexta,0,1,26,1800
4675,Quaterback,0,1,30,1799
5206,Black+Rnag,0,1,834,1125
5515,Maldoror,0,1,2011,780
5802,Toni2007,0,1,753,1156
5961,Selene,0,1,46,1773
6445,GARGUENS,65,1,1049,1058
6593,Jato10,16,2,4330,519
7185,fabito94,16,1,2728,668
7365,qma2,0,1,1632,876
7672,sese,35,1,2068,768
8815,canusiro,0,0,0,1972
9148,godoying,24,2,1165,1024
9312,stones,267,1,1380,945
10005,remolinos,0,1,2167,745
10174,Pol+Domain,0,1,734,1164
10357,xlordxnahuelx,260,1,2009,781
10553,wtfmate,26,1,1470,916
10764,skaiman,28,7,24547,269
10902,reynaldo,35,1,6287,436
10965,markit0x,35,1,282,1466
11565,AriOx,10,17,84401,79
11758,tomeu,200,1,1888,814
13583,Gaarakirian,70,6,14666,330
13667,Martinlapiedra,0,1,26,1801
14536,superpoyo,0,1,3241,606
15291,rocky,12,0,0,1973
15527,Klein,0,1,163,1612
15726,Lucifer.,179,1,618,1224
15878,cyborg,0,1,249,1488
16275,OjO+x+OjO,20,3,12663,348
19450,zarrabitria,120,6,23239,276
19715,elvio+lento,0,1,307,1445
20146,ELNOR,120,2,5237,474
20451,vakeri%C3%B1o,1,25,126185,42
20634,antonio1551,15,1,1929,807
22529,garbanzete,11,1,308,1442
23046,Darkma,20,10,50243,163
23632,Daishinkan,1,23,138103,32
24249,CRACKEN,81,2,1463,922
28243,bmwtdsws,20,29,153796,26
31459,Vakna,68,1,26,1802
31891,carem23,162,2,6567,431
35585,DarkUri,75,14,48399,170
38188,Piku,0,1,26,1803
41007,Strygwyr,111,1,886,1112
49616,Vitrocer%C3%A1mica,0,1,147,1627
49682,enanoide,12,1,1459,919
51952,fantasmagoria,0,1,583,1237
56303,ladies,241,1,531,1266
58485,polloking,0,1,1441,926
64340,lucianoab1985,0,2,2490,695
70237,samtur,207,1,4382,517
75864,charlye,266,1,226,1514
77473,angeludo,0,1,48,1764
77817,GoodAss,132,1,1581,886
80335,VARIEL81,20,7,41011,205
80863,ferruchini,139,3,11561,357
83966,ArHeim,241,1,4040,533
84184,Balsek,0,1,1120,1043
87568,taisapu+54,212,1,196,1553
88807,antoniobegona,44,1,753,1157
89126,Hachassinparar,0,1,218,1521
89324,Iulius,0,1,26,1804
91387,rutre,0,1,981,1076
96667,A.B.R.A.H.A.N,0,1,966,1085
97846,ferfi%C3%B1o,0,1,358,1404
100797,chiquitita,0,1,193,1555
102641,jjoaa,3,1,4427,514
107796,ariel9874,0,1,26,1805
110010,malosa,0,1,713,1174
114956,Amado+Lider,0,0,0,1974
115321,daviddj,181,0,0,1975
118153,Qosmico,0,1,1403,938
119743,Myto,0,1,680,1184
119751,n.e.b.u.r.,0,1,26,1806
123151,Vhanok,0,1,26,1807
128703,Starry,0,1,619,1222
129037,luanro,44,1,534,1263
141108,Fran99,10,18,103487,61
144527,paular,0,1,344,1422
145609,deyvi,0,1,181,1584
149167,yaelito,0,1,26,1808
153739,pruqr,179,1,1414,935
156444,LOLACARTER,204,1,938,1096
156480,tetitet,0,0,0,1976
157446,besicular,120,1,1962,800
182449,Mexico+3000,0,0,0,1977
183045,mo17,3,5,17122,312
183902,toro+sentado,0,0,0,1978
184307,estereo,0,0,0,1979
186634,amangua,9,1,1166,1023
187417,%C3%91amdu,105,1,1404,937
190983,asda,0,1,273,1469
191715,atapuerca,0,1,1378,946
193545,MMansillaLF,176,1,3477,580
200555,nukimura,160,1,1988,792
201700,UNOKEVA+ANDANDOR,0,1,1090,1049
202091,Victorgm,125,1,1366,948
202854,nuevito,35,2,2658,678
203514,foncho,133,1,699,1179
215587,lobyyto,26,1,1145,1031
216871,nica97,0,2,1421,934
217192,tunivalee,28,10,48454,169
219202,tuma22,77,1,1726,856
219369,bernabeu,75,69,202708,9
222512,Matapoco,0,1,955,1090
222751,davidx,167,23,156731,24
225760,sergioI,0,1,295,1453
227730,aguilar09,0,1,152,1621
231570,skalkh,20,9,36145,220
234134,luis+fuerza,0,1,62,1739
238040,sari%C3%B1ena,0,1,684,1183
240304,Wadasa,1,11,56800,142
247494,Sekram,16,1,1205,1012
252330,coe81,0,1,265,1477
253061,alejansro,0,1,318,1434
254189,germy.c,19,22,116804,50
254547,Ryuk92,260,2,4414,515
255924,Elxeneixe,0,0,0,1980
256280,MENN0SH,0,1,1429,931
258443,Etosamot,0,1,2430,705
262910,ovidio+de+roma,171,1,1653,871
265281,Marques+de+Riscal,0,0,0,1981
265478,gurras+riviales,0,1,50,1757
266664,bramdalar,9,0,0,1982
266826,Jorgecsv,0,1,4329,520
267500,perezoso2009,0,1,1141,1033
267903,kikedecay,24,1,462,1343
273641,lurio,0,1,161,1615
277740,Dappuk,0,1,26,1809
278359,MARTIN+KING,75,27,117439,48
279226,romario3,68,0,0,1983
283610,emilium,0,1,26,1810
285536,Lady+Rowena,16,1,775,1150
286637,barbarisimo,20,10,49430,165
287776,kuribo1976,111,4,9786,376
292351,cipinho,200,2,5175,477
294623,Ka%C3%ADn,0,1,2002,784
294778,Zakex,0,1,166,1608
295493,alexo,0,1,351,1411
301195,litus13,250,1,2234,734
301920,nostromo,167,17,80720,86
302869,getafuen,1,9,47190,176
304119,la+ca%C3%B1a,0,1,1682,865
311234,ARKANTOS+2009,1,12,96679,67
311533,mikelker,215,1,211,1533
317909,Guillermo7,0,1,796,1139
319658,RINDAS,207,1,1088,1050
320258,abderafi,0,1,26,1811
321281,rulas007,0,1,2969,638
331657,altrall,15,2,4965,489
349480,scout77,204,1,1857,822
355278,edinsonorlando,0,1,26,1812
362199,rabagalan73,22,1,869,1116
371560,Exter+Exposito,0,1,26,1813
372729,YAMAYA,167,5,23210,277
380208,temito,204,3,5516,463
380925,Julius16,0,1,1427,932
384682,yoni-,0,1,1040,1064
387600,El+Simio,0,1,239,1504
389855,Capit%C3%A1n+meliodas,0,1,139,1633
391222,ArtkingNew09,0,1,1172,1020
402246,rupite,111,1,824,1131
403419,TITAN+MASTER,1,5,24179,272
409584,nebur+3,0,1,185,1572
409970,El-pillo,0,1,26,1814
412476,kikomane,204,1,2233,735
414455,THE-HERO,111,1,794,1140
419858,ChristianSebas,0,1,605,1230
425237,tetobleach,0,1,81,1711
429933,elgranangelete,0,1,367,1398
432074,juanito20,139,2,10828,365
433392,verijames,120,1,1122,1042
433818,chocolatoso,15,1,742,1162
435027,tigreII,105,1,2323,721
438714,Rauli%C3%B1o+14,0,1,1789,840
442134,bkn10,0,1,106,1689
443635,ceporrero,0,1,843,1123
460649,angelo4435,62,1,856,1121
474925,the.taz,111,3,9544,381
480392,Maga+la+maga,139,2,7331,413
486017,AJZARI,0,0,0,1984
486339,Spaid,19,20,72067,100
488498,chalinillo,0,0,0,1985
492721,menwer,0,1,26,1815
495300,arriano,0,0,0,1986
504602,guidolo200,0,1,348,1415
507321,El+monje,9,1,1326,960
531777,tumarguce,65,1,239,1505
537507,isidrox,203,11,35458,223
542783,sojan1,19,9,35776,221
546791,Senetiner,0,1,547,1254
550454,WARBLUE,10,7,23757,275
554232,a.d.n,171,1,1725,857
554260,club+tigre,10,5,16401,314
555656,NEGRO35,79,2,4556,506
561343,IVAN+EL+BRAVO,0,0,0,1987
562305,peleador+54,2,1,1945,803
570723,ALFPOLIS,0,1,800,1138
572281,TL+Leo,1,11,61831,130
572504,sir+elidan+dj,237,4,10329,370
572794,Tensibio,0,1,3251,604
577826,AlVaro+IX,69,4,4788,496
585014,El+Negro+Zumbon,0,1,494,1328
590756,ANGELKAPO14,35,1,1222,1002
608533,killson,250,1,911,1105
635280,SADA.SUR,237,1,865,1119
637516,perro69,0,1,627,1213
646671,hermoha,0,1,129,1642
649916,aquileeessss,0,1,231,1510
656147,paramo2,150,0,0,1988
656164,santiagoalarcon,29,1,691,1181
663520,satania64,0,1,622,1218
666419,elbonekud,111,1,3080,622
669607,revoltosa,29,1,2833,650
684733,pedo+el+grande,10,15,43520,194
685863,medievolo,160,1,1953,802
689953,ga%C3%B1anes,0,1,130,1641
697480,EL+CABALLERO+FENIX,0,0,0,1989
709099,GZUCK,0,1,1623,877
719468,sakataka,179,1,2466,697
741002,didac7,3,13,64004,124
741933,NicoV,0,1,208,1537
743605,siarez,2,3,14429,334
747111,zeus03,0,1,418,1369
748151,hectorleo,2,1,464,1342
764261,Castrator,0,1,410,1372
769012,lokdavid,28,3,17132,311
769552,TOMAJAUSS,0,1,731,1166
770420,escorpion61,11,1,1577,890
772163,mariablancuzca,171,1,301,1449
776487,traj,68,5,23128,278
779531,agust+el+grande,250,1,1083,1051
781658,jjert,9,1,26,1816
783798,TheMarine,79,1,441,1356
784340,Wiking,167,13,60726,132
786529,serrajserra,35,1,2254,732
789512,Ciro+el+Grande,3,8,40624,208
795080,portugiese,0,0,0,1990
800543,ignacio33,167,9,50636,160
804111,Poni+is+back,20,8,47374,175
812287,IVAN+EL+TERRIBLE+PRIMERO,41,1,1594,883
817959,LEGULEYO,0,7,18714,302
818432,Chuanpy,0,1,26,1817
818654,orsanapioscuro,0,1,105,1690
819429,Miles,0,1,1697,862
820845,bori432,207,1,2094,765
821730,JAJAEF,0,1,1044,1061
828995,juan-mi,0,1,562,1249
835134,nickcapov,10,19,120597,45
843253,VALEZKA,0,0,0,1991
845612,Juda+Ben+Hur,69,1,6621,430
848882,castardo,0,1,26,1818
860318,dgvv,15,7,19941,293
862424,Black+Buc,154,6,21994,283
862456,Dasteo,20,17,92582,69
865857,azrael-k,10,11,54294,150
866900,alexran,94,5,10733,366
869648,raptormataz,0,1,627,1214
869736,sjjsjs,0,1,133,1640
875478,nznznz,0,1,1955,801
878285,The+Shadow+Lord,0,0,0,1992
879328,Lornas,0,0,0,1993
883040,villacis21,0,0,0,1994
888810,-L+A+L+O+N+G+A+N+I+Z+A-,1,40,164181,19
891173,CaPiTaN+ClOw,3,11,62842,128
902339,Huerque,171,1,177,1594
902994,walof68,0,1,26,1819
907588,parkerlew,167,6,25327,265
908754,EL+URBANO,79,0,0,1995
911726,Nabucodonosor17,2,1,2832,651
912249,nil-fr,162,4,10081,372
912352,GuerreroPlata,167,13,77373,93
912799,condeplebeyo,0,1,788,1145
913250,Maleth,15,2,5234,475
925391,tipito24,75,12,50451,161
926570,Dfiru,20,8,35588,224
933357,d3byan,9,1,26,1820
934653,-Xiki-,1,78,300000,5
938300,boyka2010,0,1,1583,885
944051,Toxic,251,1,635,1204
945125,QE+ONDA,111,3,10498,368
945659,canko0,200,1,957,1089
946962,luichis,76,0,0,1996
947682,ivan4444,0,1,2345,718
949693,jeiskill,179,1,1373,947
951401,novatius,221,1,2322,722
952827,merak13,0,1,537,1259
953649,...Napo...,0,1,434,1362
962319,GaSecco,0,1,26,1821
965211,Cabe-22,0,1,711,1175
967045,APU+BADULAQUE,35,4,3483,579
970286,-Naruto-,12,1,827,1129
978034,Sven+el+Protector,111,1,2494,694
985782,pijacorta,0,1,1153,1027
986252,dieguinloko,0,1,2004,783
987383,nicolasedu76,8,4,9287,385
987723,peruanisi,105,2,3470,582
991519,josemis69,0,1,1434,929
992825,las+dalias,10,12,65646,119
997469,Monhoy,79,1,2415,708
999986,qqwwee,16,2,6073,445
1006563,Legion+Sur,0,0,0,1997
1007629,SENTO2,139,2,5680,458
1013969,Lwliet,0,1,26,1822
1019205,hercules+5,200,1,462,1344
1020508,Licino+I,0,1,260,1480
1021247,afortunado,28,2,514,1290
1022426,EL+GENERAL+DE+DIV.,11,1,283,1461
1024499,barryl,111,7,19798,294
1026049,raamses,0,1,26,1823
1028035,CHEVY+LUCAS,0,1,169,1606
1036162,MOJAVE,10,7,25791,261
1037239,totoneta,0,1,2266,730
1041417,Mojito,1,8,14890,328
1042189,Lkira-Zero,226,1,1170,1021
1043263,apirm,10,3,17735,307
1043323,Fenix000,0,0,0,1998
1043943,ACEMLA,200,1,1878,817
1047744,reydelplaneta,0,0,0,1999
1051979,peve,105,1,2880,646
1052135,desperteferro,0,1,204,1543
1066559,neoragex,0,1,237,1508
1073867,GanjaMan4,0,1,576,1243
1075536,MoChonk,167,20,54324,149
1078293,PRAETOR+GUGUITO,15,1,908,1106
1082316,DRUIDA+ROJO,0,0,0,2000
1084230,culata,0,1,1518,907
1085503,riquita,0,1,205,1540
1091882,ina21,167,1,3671,567
1096810,Magnetom,132,1,2072,767
1097072,milrayita,9,0,0,2001
1097438,Sensy+Seed,0,1,1580,888
1099788,Franzurita,0,1,68,1730
1105744,mrzonyy,0,1,293,1454
1108466,LEONARDO1175,0,1,840,1124
1111150,helices,0,1,44,1777
1124356,Rikuasesino,75,17,87852,73
1126755,caballeronegro2000,179,1,2639,681
1130513,JOSPI,120,3,9406,384
1137765,isis+calandre,11,4,13326,341
1137797,exclama,120,4,12882,345
1139497,alloza14,0,1,2117,760
1148395,ortegadies,3,7,28994,244
1156608,TUNDHER.ICE,0,1,667,1191
1156788,peluqueros,75,11,48603,168
1158969,Franch14,0,1,26,1824
1166358,Johnattan94,19,9,26478,256
1169034,Vanquished,1,13,84254,80
1173630,il+capii,3,9,46127,184
1173977,Shang+Tsung,0,1,2727,669
1174348,guilfrey,10,12,66690,115
1182358,forlando,162,2,4651,501
1184145,jose553,204,5,4110,529
1186212,Rey+Robe,28,5,18479,305
1187462,comando+j,19,5,9659,378
1193040,Pain,9,0,0,2002
1203157,JAM+037,0,1,50,1758
1216380,zecarlo,11,1,787,1147
1224118,wuars1995,200,1,3639,570
1233516,movilla69,20,20,70758,104
1233703,franxox,0,0,0,2003
1238619,maxbanyoles,0,1,26,1825
1244723,ut01027,0,0,0,2004
1247466,-Elgrand-,28,12,57723,139
1248571,dr+chila,120,2,5039,485
1259861,Teyla,139,5,15453,320
1262171,AURANA,0,1,531,1267
1262288,uke8,181,1,635,1216
1267847,pepeca,41,1,2214,742
1271321,luistxiki,1,30,178202,13
1278668,elrayden,0,1,82,1708
1294772,.Yuen+Hsiao.,176,1,4506,509
1294992,laracha,0,1,89,1699
1299883,maderig,0,1,562,1250
1301199,snaiper18,0,1,3155,615
1315027,djcipi,0,1,82,1709
1316596,caballero+guerrillero,241,1,267,1474
1317137,raper96,75,22,86233,76
1319129,marcelovarela,41,1,995,1072
1320170,BSR+Chemamecha,1,12,95671,68
1321682,darkmatius,0,0,0,2005
1323047,ilyas,0,2,3656,568
1325175,Sir.+Juanjo,65,1,2156,749
1326344,Asanbas,29,5,6943,422
1327372,Markryztos,207,3,2546,689
1329046,curro88,0,1,337,1430
1335782,teamosoraida,200,1,2591,684
1338801,tole+sped,132,1,202,1545
1342035,Beogulf,1,54,323913,4
1344475,xina+1,20,16,78968,90
1344786,munu95,1,47,131142,41
1348773,Perikoloso,171,6,11696,354
1348925,derlis91,200,1,285,1459
1350126,RIKARDXXI,207,1,1176,1019
1351573,xpopex,9,0,0,2006
1363055,j.paredes,0,0,0,2007
1363205,%2AMarlboro%2A,0,1,913,1104
1366417,llovet,0,1,26,1826
1367441,excaliburvamp,0,0,0,2008
1369420,PrinceNoob,0,1,26,1827
1369805,jjbc,0,1,523,1279
1370083,Pueblos+de+barbaros,162,1,26,1828
1379818,Eten,224,0,0,2009
1382360,rey+crakuort,0,1,394,1381
1385426,metal+mania,229,1,2038,774
1385666,Saly,0,0,0,2010
1390210,Thibaut+Courtois,20,24,134984,36
1393257,aaglaee,50,1,1140,1034
1396464,alejandroleic,0,1,26,1829
1398254,cristal1020,237,1,483,1334
1400398,montero51,0,1,75,1720
1403742,ANATOMIC,0,0,0,2011
1403781,tazII,111,1,4407,516
1405084,MawaNz,171,3,8928,390
1406307,bandierita,3,8,41984,202
1416762,jesus445,0,0,0,2012
1419343,Serhenna,2,1,2563,686
1419758,Verdejo87,0,1,2435,703
1420391,xd-1,251,2,4564,505
1423677,CASTONIKITA,224,1,1257,987
1427030,thiron,9,1,1971,796
1433177,el+tigre+de+malasia,193,1,1827,828
1434418,Viking-Tyr,65,1,1360,951
1435337,Perua7,0,1,26,1830
1437428,Sermorya,160,0,0,2013
1437765,shigamaru,0,0,0,2014
1440028,bolso1990,0,1,1329,959
1449109,alexcorp,0,1,185,1573
1451906,Maese+Zippo,0,1,2095,763
1453511,urre,35,1,2709,670
1459338,seragus,20,8,28087,250
1466469,flomar,0,1,318,1435
1469003,Epson+Fly,0,1,1364,949
1469587,satan-as,0,1,2995,635
1470110,OPer,11,4,10694,367
1471280,gallego1968,167,10,46719,181
1472448,VICTORIO2011,139,3,12740,347
1473731,ericrm10,241,1,347,1417
1475038,Fedaikin,0,0,0,2015
1476089,lykorz,241,1,529,1268
1476356,AUSENTE33,195,1,231,1511
1478392,Jorblak,0,0,0,2016
1479932,Sir+Franji,16,1,424,1368
1483240,infernal2,251,1,1343,956
1485545,adrikukivk,69,1,669,1188
1485683,Thanoz,69,5,6821,426
1498879,aitor1122,0,1,2316,723
1498913,Kenin157,0,1,112,1683
1501353,JoseJuang,79,1,984,1073
1510598,XaIRoW,181,2,3844,551
1513823,Keeta+Aungsuwan,132,1,221,1518
1515545,GoD97,75,10,42463,200
1516486,andersen91,0,1,2173,744
1519293,betico03,35,4,8888,391
1522246,JACL+EL+GRANDE,241,0,0,2017
1523225,vithautas,204,1,791,1144
1525913,Rodrigo+Goes+Es+Iran%C3%AD,0,0,0,2018
1535952,lithox777,3,11,60183,133
1543507,TaTaMartino,10,12,38505,214
1545062,JAUMEM,3,10,52941,152
1546340,TuSSi+PoTe,1,24,111601,57
1548649,Chalaito,0,2,4507,508
1548867,SKRUZHER96,0,1,26,1831
1549959,SyaoranLee,139,3,14997,325
1550162,rolo+parse,29,1,2823,652
1551180,Chekejode,35,1,2975,637
1552275,zairo,0,1,1584,884
1552780,narlord,237,1,4724,498
1553074,Doramax,120,1,6809,427
1553266,NZRU,120,4,17600,308
1555525,mackrodro,0,1,437,1360
1556649,Blankito665,10,17,90734,70
1563523,sergioportero,0,1,1045,1060
1563960,fermin,0,1,3547,575
1564217,prohardstyle,0,2,7860,405
1564223,juansantos2,41,0,0,2019
1564945,SHAK,111,1,5388,468
1566017,pituca,0,1,309,1440
1566793,Finland,237,3,9427,383
1568957,Deadmouse,41,1,181,1585
1571842,Nietzs,20,23,120695,44
1573465,Tiberio,94,1,77,1716
1573548,JuegoSolo,0,1,26,1832
1577013,ruracks,0,1,429,1366
1577430,Boss+MORIBUNDO,0,1,1395,942
1577451,Damn,20,23,96729,66
1578846,sam978,250,1,2644,680
1579889,Hamazazpi,194,1,3129,619
1580481,calceta7,167,15,111809,55
1586763,CmPaX,19,26,117979,47
1587053,xinojua,1,27,171119,16
1589382,MEIAN01,0,1,48,1765
1592344,DarkLegend,200,1,1041,1062
1592439,magollas,0,1,26,1833
1592933,stick,181,0,0,2020
1593827,manuel-wal,0,1,248,1491
1594692,Jandry4,19,8,34187,227
1595726,-xyc,1,20,77639,91
1597818,desde+mi+cielo,107,1,794,1141
1598893,Caezare2273,19,15,70857,103
1600033,febrama,111,3,6683,428
1603303,Elbaronil,253,0,0,2021
1606397,Tutanchamun,0,1,1347,967
1608799,yave39,167,14,45539,187
1609139,policcio,28,8,26485,255
1610816,marcus,70,3,16443,313
1611365,trollero22,219,1,198,1551
1611699,C1D+CAMP3ADOR.,9,1,2267,729
1613388,sLoVeXx,20,9,50369,162
1613919,cesjis,0,1,215,1526
1614541,ying,2,1,1424,933
1615059,acs26cs,0,1,26,1834
1615111,ordo%C3%B1oII,120,5,17202,309
1617970,bmvc,10,11,43086,196
1619606,OLGUEITOR,59,1,266,1476
1627158,MoaBDiV,70,6,14565,331
1627610,timberleik,0,1,26,1835
1628375,pankistan,111,1,2153,755
1629938,patosov,0,1,572,1245
1629978,Huepjr,167,9,30529,238
1630663,lucesita,9,1,2645,679
1631678,Cheguy,0,0,0,2022
1635695,jubebur,0,1,283,1462
1638135,iker+sillas,0,1,369,1396
1638669,buko,9,0,0,2023
1639534,RafelDM,0,0,0,2024
1642395,Shakymatrix,0,1,413,1370
1645211,luzbelito69,0,1,1341,957
1646529,Dragonblack,16,1,3733,560
1646803,eneko32,137,0,0,2025
1646936,resurrecion,0,1,218,1522
1650928,nosoynoob70,77,1,2347,717
1651308,-T+E+M+P+L+A+R-,1,29,136671,33
1652831,matimir,0,2,1725,858
1657363,monicafari%C3%B1a,10,17,64273,123
1657441,Von+Schweetz,0,1,6069,446
1659003,BadilloPillo,41,1,2015,797
1663439,Owen26,175,1,213,1530
1665557,berci,41,0,0,2026
1666646,andykiller,167,15,58426,136
1667957,Conde+de+Veri,204,2,4430,513
1667968,-N-E-W-,0,1,2809,658
1671571,albertoelcanario,0,0,0,2027
1672154,flint,3,12,50862,158
1673222,INQUISICION,177,1,579,1240
1673733,.Payaso+Triste.,0,1,150,1623
1674937,catalufo,139,3,11592,356
1675671,mileurista,241,1,293,1455
1677446,Devil+Jim,111,1,504,1319
1678679,Thanks.es,1,45,135092,37
1679379,cachocop,0,0,0,2028
1679961,jhonnas,9,0,0,2029
1682674,La.Mota,75,27,97520,65
1682871,emavelez,94,1,2609,683
1683698,Roig.17,3,6,29115,242
1684263,los+rios.,10,11,51959,156
1685021,Rey+barbaroja,241,1,1912,811
1688375,NEDRUN,79,2,3238,608
1689646,Aegorn,0,1,83,1706
1691091,medyna14,0,1,166,1609
1691132,Alvhia,111,3,7084,419
1696634,Black+lady,162,5,16118,315
1697363,Nonamed,216,1,476,1338
1697624,RAGNAR.,0,1,391,1383
1699710,Julio.Ceesar,176,0,0,2030
1700496,Akka,68,0,0,2031
1700613,Luna13,0,1,527,1272
1702006,Sombrero+de+paja,171,2,3712,562
1702291,Granjero1,120,4,18716,301
1702675,CONDOR+DE+LOS+ANDES,0,1,257,1481
1703257,%2ACHILENO%2A,69,1,1997,787
1706235,Alejandro20,0,1,630,1211
1707975,MorCloud,154,1,410,1373
1714244,masacre100,19,15,87609,74
1715942,Srbaluarte,0,1,3878,547
1715991,andReea92,167,10,40688,207
1716245,Golen3,3,9,47483,174
1721648,NESSST,0,1,740,1163
1721928,focs,250,3,2924,643
1723176,LITANIRIVER,162,2,5729,452
1724068,MasterShiff,0,1,199,1549
1724130,hexahidratado,9,0,0,2032
1726840,Cthulhu,0,1,315,1437
1729262,Gadidc,0,1,322,1433
1731090,guelflendo,0,1,2699,672
1731373,gru4.,20,58,238887,7
1733672,vuelcaollas60,0,1,300,1451
1734443,nicko917,10,13,72434,99
1734482,tevoPunk,0,1,64,1736
1736828,traspie,20,13,63673,125
1740644,bucefalo101,0,0,0,2033
1740954,Znna,0,4,9145,386
1743028,jbd%40s,69,2,4734,497
1745999,-+S+P+A+R+T+A+N+-,1,47,191169,10
1747072,Eg0CeNtRiK0.,19,12,44654,189
1747712,-+L+O+B+I+T+O+-,1,40,118221,46
1748648,Se%C3%B1ora+BarbY,9,1,457,1348
1749963,JOAOpereira,0,1,664,1192
1751219,BigHeart,0,0,0,2034
1751869,pablushca,0,1,97,1695
1752476,Raf110,1,13,42707,198
1756097,sir+cabrito,160,1,1206,1011
1762371,A+COP,9,0,0,2035
1762817,jamap,9,1,1845,826
1766082,Quality+the+Sax,0,1,2223,738
1766388,Xaniro,20,9,28409,247
1772681,ilyasova,2,4,21994,284
1772694,la+maravilla,0,1,430,1365
1773131,Javivi666,2,1,1884,815
1777202,speero+as,0,1,743,1161
1783178,SplitZz,203,11,44701,188
1783692,sarius,1,27,115391,51
1784555,SAYKO,20,12,80549,87
1786565,super+javi,0,1,26,1836
1786798,kamka,3,14,85354,78
1791783,Muse,137,1,469,1340
1793379,MatyCash,20,11,46325,183
1795396,-Metal+Cooler-,0,1,31,1798
1796126,Jaimerm,0,0,0,2036
1796437,Sr.Farmer,10,17,64662,122
1802533,H+u+b+e+r,0,1,26,1837
1806199,Telapelas,0,1,1204,1013
1806454,nicopirata,167,10,63637,126
1810435,xxx+odin+xxx,1,37,153165,27
1810477,Helaric,0,1,26,1838
1814340,Naiara,75,9,38254,216
1815147,lord+verox,65,1,316,1436
1819308,NEFERTITI,162,1,3015,632
1819409,maestro.c4,0,1,447,1355
1820634,.SrPablo.,111,1,621,1220
1820940,eltitoraul,20,12,68545,111
1820949,Pestoso,3,14,51030,157
1821118,asterix,29,3,6110,443
1822996,laiallorens,0,1,1190,1015
1823358,Saggi,0,1,26,1839
1823534,aphanius,2,1,1766,844
1824034,Mobotombo,0,1,26,1840
1825116,Vorosh,0,1,26,1841
1825930,Gale,3,10,55237,146
1826108,Reina+Flod,0,1,253,1483
1826519,turcos,111,1,969,1083
1833730,tony+montanaa,1,38,180628,12
1836199,ivomax333,78,2,6974,421
1836919,spectre6,0,1,698,1180
1837837,Laura123,0,1,115,1682
1839095,lATILAl,0,1,493,1329
1843102,Artanis,9,0,0,2037
1844986,Triston+Monkey,9,1,1815,831
1845090,Elorrixo,20,9,28538,246
1847667,-Uchiha+Itachi-,15,2,5687,457
1847699,angelito21,105,1,201,1546
1851914,gallipoli,16,1,523,1280
1857509,alba1,0,1,935,1098
1858260,ACTV.1,239,4,14782,329
1860047,bala3D,62,1,411,1371
1863997,Chinin,20,14,63138,127
1865755,El+abuelaso+de+Leo,65,1,1142,1032
1867004,-MarcStroy-,111,1,283,1463
1867084,miguepeska,0,1,125,1667
1875804,Rekhz,75,6,28328,248
1878083,PAYENAII,160,2,1186,1017
1879611,Desquizio,204,3,5038,486
1880702,%2AnEcRo%2A,0,1,26,1842
1885328,invitado77,19,5,42878,197
1887375,LA+CUEVA+DEL+OSO,139,5,11444,359
1889044,The+Clash,0,1,26,1843
1889098,tony+montanaaaa,1,13,70018,106
1890471,galiux,0,1,1060,1055
1891510,Angel+Food,171,1,1276,981
1894074,Gran+TX,111,4,13608,339
1894143,ElGamerJoaco,0,1,5863,449
1894149,templario76,9,0,0,2038
1894432,aguila22,69,3,1573,892
1895629,TuLiYa,0,1,203,1544
1897732,narrow,0,1,205,1541
1897998,Lord+Kym,0,1,335,1425
1898371,.BudoKai.,167,36,250849,6
1903256,Creu+Jr,0,1,984,1074
1903967,Rafax06,0,1,1746,849
1905015,damian1122,3,22,88276,71
1907385,xPooks,3,8,36403,219
1909023,F.A.L.,9,0,0,2039
1909540,Dreykio,205,1,1762,845
1910557,MMaza,11,1,3972,540
1911553,Overground,0,2,1282,980
1912482,PeppyXenophillia,75,15,65513,120
1912664,Psycho+White.,41,1,228,1512
1915106,StormBreaker,10,4,16029,316
1917716,Lupetudo,200,1,1892,813
1919083,checho,0,1,309,1441
1921681,kitiansu88,0,0,0,2040
1921999,Dracarys,0,0,0,2041
1922194,examiga,241,2,3028,630
1922589,November+Rain,207,7,12285,351
1929924,Mckay,0,1,389,1385
1933392,edgar2793,0,1,26,1844
1933963,LEMO,0,1,2747,663
1934829,El+Engendro,120,3,2305,726
1935343,wizar,207,1,2390,712
1935738,Salami69,3,9,22898,280
1937293,Romax,160,1,26,1845
1938146,jprados4,0,0,0,2042
1938559,iKniTes,176,1,1899,812
1939492,DjpaulinhoI,0,1,26,1846
1939848,DaenerysThargarien,0,1,2219,740
1940413,victor1910,0,1,72,1726
1941136,Murcatto,139,8,24266,271
1943414,yannette,0,1,325,1431
1943417,stuard,8,0,0,2043
1945137,Kolumna,20,23,54371,148
1945722,porqueno84,265,1,1814,832
1946447,LinkinRichi,19,12,38252,215
1946933,Se%C3%B1or+DONOVAN,69,2,5388,469
1947487,-Miky+Woodz-,1,17,68220,113
1947566,fetuxini14,28,7,22256,282
1948158,REY+GANDAR,0,1,1211,1009
1949840,BARMY,2,1,1212,1007
1951415,rapanui,0,0,0,2044
1951509,tony+montaanaa,0,1,26,1847
1951772,Arnasa,10,12,43518,193
1952754,efil,0,1,2095,764
1954165,Hashirama82,0,1,59,1741
1955107,merlin9,171,2,3905,545
1958874,Oxygen,167,28,165810,18
1960055,rubenhg,0,1,41,1783
1961278,cucalascano,167,21,139245,31
1961435,alvaritu,0,5,8383,394
1961501,Torres+18,0,2,4289,524
1961693,can40,11,1,1223,1000
1963398,peix,10,10,56210,143
1964000,DcEvil,0,0,0,2045
1964159,NULL,0,1,3870,548
1964855,Se%C3%B1or+malarqui,0,1,345,1420
1966769,EdEr7,0,1,165,1611
1966979,FRANCHU66,15,4,6190,440
1967204,exterminion19,0,1,149,1624
1967572,xANUBISx,0,1,1463,918
1969944,TocToc,0,0,0,2046
1970276,mac2mac,0,0,0,2047
1970463,anuki,0,1,1992,789
1970708,Sorelina,0,1,219,1520
1971615,olxxlo,0,1,1811,833
1978213,Tu+Recuerdo.,0,0,0,2048
1979816,jockey,28,11,42566,199
1979860,Se%C3%B1or+tutin,9,0,0,2049
1980085,Trundle,9,1,118,1676
1980096,Rey+Elm+street,20,21,68140,112
1982781,Arte+Callejero,208,1,1238,995
1983197,Billy+el+ni%C3%B1o,10,10,47988,172
1983645,El+Lobo+De+Wall+Street,0,1,26,1848
1985704,BARMONSTER,139,3,7493,408
1986226,FRAN+de+los+bloques,28,2,4480,511
1989410,Gileard,0,1,507,1318
1989499,DMVN,20,26,98790,64
1989749,Inmemoriable,0,2,5146,478
1992450,Mvdp,68,1,103,1691
1993222,Amuchalipsis,10,17,82384,82
1993578,AguasNegras,10,5,18653,304
1993782,Pedroo99,0,1,406,1377
1994337,Lucas+the+duck,94,5,6009,448
1994814,Ned+Flanders,19,21,134435,39
1994940,Kolomodro91,0,1,2056,771
1996951,KENNEDY+a,0,1,136,1636
1997833,TERRORMALDITO,139,3,10913,363
1998385,josuecc,200,2,4930,490
1998599,-.Kenny+McCormick.-,41,1,1111,1044
1999464,pedrizas,68,4,10980,361
2002070,Landstom,0,1,900,1110
2002238,KIO.KAPODIPELS,75,14,58610,135
2002702,davitico9,0,0,0,2050
2003676,ARTE+KALLEJERO+18,208,1,2110,761
2004903,estallos,0,1,26,1849
2005788,Adiace,28,8,29657,239
2006269,gregoriomar,160,1,994,1080
2007265,Palosae,181,1,610,1232
2008932,lykan,0,1,2064,769
2009293,Willyfighter,139,6,26354,257
2009697,aranchacelia,113,1,4294,523
2011248,FIRULAIS105,50,1,2034,775
2011559,alextzurisk,0,0,0,2051
2011973,Naoj98-,0,1,26,1850
2013229,pulli,94,0,0,2052
2014236,joker666,167,13,82929,81
2015907,hayhayhay,0,1,3277,603
2017180,.zeroshero.,0,1,112,1684
2017181,zerohero,0,1,26,1851
2017408,Floki,0,1,26,1852
2017869,Pinkky,0,0,0,2053
2018016,GABO101017,111,1,1565,893
2018546,oldman,171,1,5583,461
2018579,bertin95,167,8,28238,249
2018684,Andaley,41,1,407,1375
2021767,Pitufo+Hacker,1,50,149699,28
2022552,Atlas,0,0,0,2054
2023202,Heidy,167,25,172373,15
2024383,bypato,0,1,122,1671
2024660,TeamHS,0,1,68,1731
2025035,cocodrilo,26,1,1735,852
2025180,carser21,0,1,26,1853
2025474,Yeiico360,0,1,1820,830
2025513,empiezodecero,0,1,199,1550
2025956,Jahr,10,18,79268,89
2026008,foxluis,62,1,864,1120
2027527,Edward+Newgate,1,30,134438,38
2028057,Tibalt,3,24,110786,58
2030151,Se%C3%B1orLuisHdez,11,1,407,1376
2030670,AD+YT,0,1,26,1854
2031095,SmithB,28,9,25723,263
2032066,RenacerHica,10,25,101348,63
2034229,sotillano,0,1,1153,1028
2035591,matalobos,200,1,802,1136
2036411,pukas,0,1,1742,850
2036604,Holy,0,1,26,1855
2038416,Marmax,69,5,14861,326
2038837,lordalvaro76,0,1,249,1489
2041304,Faustos+Deal,241,1,187,1567
2042086,AdReNaLiNe,0,1,26,1856
2042685,XxaaronxX,0,1,26,1857
2044485,Trara,77,1,1861,819
2044850,Heda07,0,1,728,1167
2045489,Mr+Nobody,0,0,0,2055
2045759,Akela,176,1,5023,487
2046950,AlexEagle16,0,1,173,1603
2047436,SurpriseFk,0,1,3771,556
2048141,legendaryEsp,0,1,441,1357
2048251,Srta+Darky,1,1,9956,375
2048893,COSOC,79,1,4930,491
2049063,VENUM-95,167,8,21208,285
2049997,We+smoke.,0,1,157,1619
2050175,Karim+10,224,1,1449,924
2051496,ClashRoyapan,75,3,5088,483
2051644,TEIDE,0,1,179,1590
2054038,Legolas07,171,1,1321,963
2054225,KuentinJr,75,9,46590,182
2054684,Juanjo63,0,1,602,1231
2054725,Alricaus,0,1,135,1638
2054744,andy2000,244,1,1514,909
2055242,Aaron008,132,1,1237,996
2055243,Blankiking,0,1,240,1503
2055445,Lobo-alpino,181,0,0,2056
2055623,Espartacus,204,1,1731,853
2055885,Dornroschen,0,0,0,2057
2055973,mike22,35,1,631,1208
2056203,JOSH,0,1,26,1858
2056370,Ravothriller,0,0,0,2058
2056849,Barbalitros,0,1,825,1130
2056942,rubiel,0,1,247,1493
2057638,graagoon,167,29,164137,20
2057827,Boticu,2,3,7158,417
2058154,SantinoBabe,0,1,42,1782
2058491,Santinoruggia,41,1,1306,969
2058565,Buiyo1996,181,2,4031,534
2058795,Balmix,75,12,43811,192
2059008,m.portugal,2,1,2523,691
2059063,Reina+Walkyria,20,14,50765,159
2059472,Bonete,171,1,5632,459
2059664,paulinho,0,1,26,1859
2060287,Srto+ibann33,75,12,76792,95
2060580,ocioso,35,1,2589,685
2061432,Lele+SF,0,1,63,1738
2062192,Grafo,20,17,82158,83
2062753,marmar65,16,1,648,1201
2063206,ignacio17,0,1,1514,910
2063906,Rinoceronte,0,1,3526,578
2064524,Se%C3%B1or+Espartaco,204,1,2223,739
2064710,Nacotlan,0,1,432,1364
2064866,Minzdrav,19,9,57473,140
2065272,sinespacio,0,0,0,2059
2065395,pepelamete,3,1,1565,894
2065966,loidi,0,0,0,2060
2066652,rimpac,0,1,374,1393
2067012,Demoni,75,28,163211,22
2067165,scorpicon,0,1,308,1443
2069901,Rey+Maurikinger,0,1,941,1093
2070095,Darcking,167,9,27641,251
2070129,Rey+oliver,230,1,1125,1041
2070356,jositoatm,0,1,5386,470
2070726,pepenando,0,1,26,1860
2070871,jeea,0,0,0,2061
2071214,solovisa,75,13,41471,204
2071342,tARANTULO,73,1,638,1203
2071464,HuEsOs,0,0,0,2062
2071743,Ultraviolence,0,1,33,1787
2072440,GaFeBi,0,1,51,1756
2072629,Rimas,153,1,1222,1003
2072660,BeBeni,0,1,339,1423
2072840,TheElric,94,1,1936,806
2073217,m0bscene,22,1,559,1251
2073585,jorpo9999,15,3,8257,395
2073946,Aspirina,111,6,14045,338
2074335,cct.3773,0,1,363,1400
2075801,Aries153,111,1,1516,908
2076052,Thor19,0,1,360,1402
2076237,wutirozaes,0,1,119,1675
2076485,Molecula,19,16,77423,92
2076908,bocetinha,0,1,26,1861
2077042,leamsi,0,1,1975,795
2077196,gemelo09,0,1,66,1735
2077500,wakamayo,24,0,0,2063
2077773,Vageir,68,1,6921,424
2078175,Ikura,0,1,3055,625
2078176,wargun,204,1,312,1447
2078276,HisokaLove,1,9,69748,107
2078678,Mnaser,2,1,3240,607
2078984,Hugogamez,171,1,794,1142
2078998,PEZ-DIABLO,0,1,1326,961
2079036,ARTU34,41,1,1082,1052
2079605,sombrasdemordor,3,1,961,1087
2079911,Juanchorizo,50,1,3203,609
2080189,MIDORIYA+IZUKU,0,1,116,1680
2080309,Sastre,167,17,69649,108
2080812,joselitolepero14,257,1,331,1427
2080999,Gterminator,257,1,1443,925
2081237,ADR10N,207,2,5120,481
2081316,elrayas,0,1,686,1182
2081500,rdasousa,0,4,6246,438
2081698,kalamidad,0,1,269,1472
2081765,belloto69,0,1,26,1862
2081973,Theodorburg,0,1,170,1605
2082469,towerbridge,75,39,189523,11
2083024,olisssss,0,1,568,1247
2083091,jlg13,139,5,21008,287
2083788,lauta1216,20,9,42117,201
2083885,Pegaso,3,6,32404,232
2084332,Maik,20,25,174900,14
2084340,V4LK1R1A,20,2,7367,412
2084797,cescelboix,111,1,1093,1047
2085554,DMadz,157,1,609,1227
2085697,Privilag3,167,16,62571,129
2085977,Mani20202024,160,1,2438,702
2086775,NottimGan,0,1,48,1766
2086782,morte.rica,0,0,0,2064
2086862,yecktor,0,3,5350,472
2087044,cantallops,2,1,4334,518
2087047,Superfortes,224,1,1454,921
2087974,Idunno,10,14,69235,110
2088089,epaaaaa,3,7,29164,241
2088292,kracovian,9,1,2291,727
2088438,keluan,111,1,1059,1056
2088545,Voldemort88,68,1,866,1117
2088603,McLeod,167,20,105990,60
2088720,kimchi,10,7,25758,262
2088835,nausantaana,0,1,284,1460
2089545,Petrofky,0,1,178,1592
2090629,niiehm,10,7,34513,226
2090745,diegolapac,10,33,171107,17
2090921,El+Barquero+de+HADES,24,8,4482,510
2091224,remus45,139,6,30948,236
2091259,hahaha,0,1,148,1626
2091752,Devil+Born,204,1,1809,834
2092609,Istiagor,0,1,828,1128
2092734,te+reviento,0,0,0,2065
2092837,Anonymus,0,3,8446,393
2092900,pantxo,171,1,947,1099
2093156,Sasake,15,3,3046,627
2093353,GGCorvalan,29,2,4048,532
2093396,AleGG,29,0,0,2066
2093605,rosado49,0,0,0,2067
2093749,ZOILO,0,1,976,1081
2093981,malo81,2,3,6145,442
2094332,CrashToHell,1,26,157033,23
2094480,carvonis,171,1,2689,674
2094649,gonzal21,0,1,1360,952
2095032,Rakna,11,3,9016,387
2095097,Shaka+Zulu,167,30,112108,54
2095168,salvamayor,29,1,226,1515
2096015,killer+aaron06,0,1,577,1242
2096081,LEAL22,171,1,2159,748
2096365,OJOS+NEGROS,90,1,966,1086
2096765,Tony06,2,1,2490,696
2096974,Raymondh,171,1,2307,725
2097174,kipus1500,69,1,1532,901
2097747,edux,0,1,162,1614
2098302,FOlcina,45,1,26,1863
2098395,chop,0,0,0,2068
2098548,VioLentSmoKer,0,0,0,2069
2098905,Nabucco,204,2,7292,416
2098997,jose65,0,3,12583,349
2100268,penka1,250,1,2562,687
2100524,Mr.2020,41,1,1563,895
2100821,BIHOTZA,139,2,7146,418
2101178,Leka,0,2,468,1341
2101506,Pjotr+Kropotkin,0,1,26,1864
2101531,gargola82,139,6,20391,290
2101846,Sgtfox,167,12,54743,147
2102025,cuervo92,0,1,631,1209
2102165,ignasi33,0,1,3177,612
2102310,Kakatua,1,32,142395,29
2102822,buyas,0,1,2000,786
2103338,fity,10,6,24165,273
2103534,Oquei+Maifrens,0,2,1477,915
2104192,marc313,0,1,619,1223
2104259,balearic,0,1,4543,507
2105233,Muyayin,0,1,3047,626
2105689,Lowasd,0,1,628,1212
2106040,triana70,0,1,1467,917
2106685,pini314,35,1,1325,962
2106801,Cyenlacex,0,0,0,2070
2106805,pikeras,0,1,1990,790
2108883,TheRealPomo,0,1,26,1865
2109083,TECLADO,0,1,367,1399
2109355,Khisus19,0,1,485,1333
2109362,jcvv,111,1,357,1413
2109384,carmona70,35,1,440,1358
2109652,pepera,0,3,7898,402
2109969,Spook.,0,1,335,1426
2110005,rikuvv,41,1,3325,598
2110338,CamelToe,62,1,190,1560
2110351,latiqu,105,1,1524,902
2110420,Jotakaide,0,1,239,1506
2110451,MonolokoYT,0,1,2511,693
2110662,SPEIS+J-0,139,4,12904,344
2111998,HayTabla,0,1,147,1628
2112320,Travels,8,1,714,1173
2112353,NagatoGlam,162,3,8988,389
2112394,hannah+montana,0,1,960,1088
2112530,Joaquin2021,75,11,24684,268
2112721,Mateorb12,237,2,5265,473
2112797,Lord+Taken,250,1,770,1153
2112801,Seak+loko,3,8,38034,217
2113353,felix750,0,1,2889,645
2113377,040NickNotFound,0,1,250,1486
2113497,Aduka,0,6,32701,231
2113522,NIKEF.,0,1,151,1622
2113702,Tenea+Tecnologias,82,1,187,1568
2113964,LouJG,75,25,87419,75
2113993,What%3F%3F,176,1,1660,868
2113999,Antul,75,29,73252,97
2114026,elFuncy,0,1,26,1866
2114050,gemadani,41,1,489,1331
2114370,krom32,3,8,34018,228
2114502,henry,41,1,2859,648
2114556,RIVLEINAD,0,1,177,1595
2114618,Se%C3%B1or+Heredia,0,1,26,1867
2114867,Crocodile,210,2,4090,530
2115128,Welmejorr,0,0,0,2071
2115188,Masca1,0,1,307,1446
2116068,Janierin,0,1,134,1639
2116252,sisiphus2,0,1,2935,639
2116596,juanmaschez,29,4,5392,467
2116934,Betty,171,6,9587,380
2117494,Emiko12ar,69,1,639,1202
2117522,JB68,197,1,996,1071
2117545,Irene,171,5,7401,411
2117706,Maicolito,28,4,15764,317
2117739,Dr+orta,171,1,2397,710
2118135,Fajardoo,111,1,347,1418
2118197,berrero,59,1,268,1473
2118228,RonArehucas,0,1,3632,571
2118596,Valky,112,1,349,1414
2118605,Baldomero,81,1,1512,911
2118644,Nedharmel,3,13,66094,117
2118666,Prendes,0,1,26,1868
2119104,nomidista1,0,1,93,1697
2119184,Francesco,81,1,252,1485
2119519,albertusjonayter,139,13,47110,177
2119588,giesse,0,0,0,2072
2119635,Thor48,19,8,50409,164
2119727,PEKEPOTAMO,0,1,2696,673
2119752,satornu195,0,1,48,1767
2119871,Silas97,35,1,1730,859
2120413,gaby82,0,1,848,1122
2120634,varo98,257,1,1347,955
2120650,Valeska1ar,0,1,228,1513
2120953,Ryphox,0,1,5602,460
2120954,Martinez,0,1,1210,1010
2121004,Parchis,24,0,0,2073
2121007,elchotasfc,75,31,122619,43
2121082,rastapopolus,111,1,352,1410
2121243,Muzan,75,24,101807,62
2121326,ElJama,75,13,58218,137
2121468,kolour,248,4,7302,415
2121745,julio1010,0,0,0,2074
2121965,leones09,0,2,3321,599
2122184,Davile,167,6,27284,253
2122269,lenttt,0,1,3729,561
2122320,thoron,0,5,5355,471
2122415,300jf,41,1,281,1467
2122501,r.agaona,107,0,0,2075
2122743,El+Ultimo+Condottiero,19,25,114156,52
2122744,Madre+Engracia,19,10,46896,179
2122757,Borjamari+I,19,6,29522,240
2122773,Felipe+secso,19,8,47043,178
2122819,Javivi20,35,1,456,1349
2122907,Frankh,0,1,2536,690
2123065,ElMagoBK,1,43,112318,53
2123179,themper,0,1,26,1869
2123325,HP1989,29,1,2426,706
2123543,Lyon,0,1,286,1458
2123609,BODEM,3,14,66900,114
2123726,PableitorGC,0,1,49,1762
2123760,teknocracy,0,1,26,1870
2123952,Salma+Kan,181,1,4030,536
2124157,lamona94,204,4,7471,409
2124191,wenamante,29,3,3388,590
2124403,Paintball,251,1,1676,866
2124483,Alibaba,19,7,47666,173
2124699,gumnilp2,0,1,597,1233
2124706,to%C3%B1in,162,6,12831,346
2124889,XxFERxX,19,6,26752,254
2124890,Leoguapo,0,1,213,1531
2124895,Olivia.-,200,1,746,1160
2124912,Alexis1517,75,31,74786,96
2124934,cachum,3,8,45908,186
2124935,giani7351,139,2,8137,400
2124962,Trafalgar+D.+Sergi,0,0,0,2076
2125070,alexhina,250,1,571,1246
2125286,moskiis,0,0,0,2077
2125437,Drael,69,8,30523,237
2125883,moticuco94,0,1,1247,990
2125887,frantic23,12,1,2435,704
2125976,Carlos33db,0,1,108,1687
2125992,Dago,0,1,1489,913
2126119,peran20,251,1,823,1132
2126186,Rafumao666,0,1,153,1620
2126351,eligio,35,1,3297,602
2126355,caminando,35,1,4132,528
2126394,alfredo11,35,1,5438,465
2126414,makanchis,111,1,3014,633
2126523,PIOLIN,75,99,372498,2
2126872,gabmar,0,1,1500,912
2126885,rema,35,1,3142,618
2126919,Turcko+x,0,1,246,1496
2126926,APOPHIS2004MN,0,1,524,1275
2126990,EleCtrA,139,8,18813,300
2127098,-InsideOrMind-,0,1,26,1871
2127268,papeleta,35,1,2823,653
2127421,ZZZZZ,0,1,1001,1070
2127652,CfluviAA,16,2,1650,873
2127679,MiniGan,75,12,70492,105
2127897,Dimitrii,250,1,2090,772
2127978,KanO,75,81,435062,1
2128117,Lady+violet,0,1,167,1607
2128231,Radenn,96,1,522,1281
2128254,enek00s,0,1,7440,410
2128459,Zumbon10,0,1,2032,776
2128583,Chuchundra,207,1,3002,634
2128799,Lunita08,19,9,46727,180
2128808,omarrop09,241,1,2127,758
2128837,sadas26,0,1,26,1872
2129150,cheto,41,2,781,1148
2129194,InberTF,257,1,267,1475
2129226,Riderofthestorm,0,1,3149,616
2129228,Kokanio14,176,7,19708,295
2129523,ceser2023,41,0,0,2078
2129568,El+Pestes,0,1,921,1103
2129677,maquina2525,167,21,117028,49
2129732,Redinton,200,1,4724,499
2129889,leyy,171,1,2689,675
2129923,Danukis,0,0,0,2079
2129948,guest88,0,1,3475,581
2130025,ZUKA7,0,0,0,2080
2130142,Angel117,0,1,185,1574
2130145,Rey+Kael,75,12,52824,153
2130339,Galaxia,0,1,7319,414
2130473,danyel,0,1,481,1336
2130615,LeoPePsi,0,1,1541,899
2130617,DejamePatear,259,1,566,1248
2130631,Ikit,69,1,5053,484
2130685,Loleus1807,0,1,200,1548
2131097,Veinticinco,204,1,3793,555
2131314,Cadizbcn,179,1,721,1170
2131331,javivalvieja6,41,1,3445,585
2131441,loord+trip,28,5,14557,332
2131544,Lopen,1,38,136374,35
2131612,Sigiloso,0,1,26,1873
2131628,SERGIORO,0,1,776,1149
2131930,Peones,0,1,1136,1037
2131978,bamba+negra,106,1,617,1225
2132109,Mic+Mic,62,1,1274,982
2132110,Bellingham,0,1,195,1561
2132160,The+Last+Of+Us,0,1,1979,794
2132181,manzano,93,0,0,2081
2132363,Hilton+G.+Benja,94,0,0,2082
2132406,serbero,35,1,2909,642
2132828,AdaoNoobPapaBbs,75,32,141061,30
2132851,C4mp3r,0,0,0,2083
2132867,krank,111,3,8249,396
2132893,taopaipai,0,1,218,1523
2132944,moyete,242,1,663,1193
2133019,Talo77,19,11,66624,116
2133178,spockada,41,1,188,1566
2133183,davyd1147,35,1,178,1597
2133273,PorygonZ,0,1,122,1672
2133335,lord+haradrim,0,0,0,2084
2133408,GROCC,3,56,137045,34
2133413,Abate,204,1,3846,550
2133516,ambrosio,171,3,7700,406
2133518,MECOMOUNA,120,17,60994,131
2133595,dreicko,0,1,58,1743
2133685,Kojak+y+Panza,0,0,0,2085
2134248,loboguardo,11,1,3029,629
2134283,Serantes,204,1,547,1255
2134336,Nortus,12,1,1212,1008
2134414,Lorzed,0,1,87,1701
2134425,Aniia91,204,1,1856,824
2134428,Leonidas,0,0,0,2086
2134461,Mar%C3%ADn,0,1,981,1077
2134497,pacoermelen2008,0,1,47,1770
2134563,rapadoloco,75,11,77313,94
2134640,sargento88,0,1,181,1586
2134775,el+cangri+29,2,6,19051,298
2134821,Pruden.90,0,1,32,1789
2134954,marin123,0,1,26,1874
2134962,d%C3%A9cimo,111,3,11182,360
2134983,Gladiador+ff,0,1,26,1875
2135100,VAPEDLL,176,1,2144,756
2135634,enrive,0,1,947,1091
2135643,dodo1901,0,1,26,1876
2135744,vairo07,204,1,3059,624
2135995,canono,35,1,2686,676
2136006,Arnau+96,3,7,46082,185
2136021,Iv%C3%A1n+Galicia,0,1,26,1877
2136090,horge2407,93,1,2719,671
2136214,1899FCB,1,15,65991,118
2136220,Angelillo,35,1,1160,1026
2136273,P4scu84,15,4,15185,323
2136315,Daga,29,1,2736,665
2136353,Like+the+Beatz,0,1,26,1878
2136589,Jenkins,0,1,116,1681
2136658,Rumi,35,1,1602,882
2136696,lisbeth+salander,154,3,4578,503
2136699,rasec96,10,12,56855,141
2136708,Fossi+el+Bret%C3%B3n,35,1,1094,1046
2137048,Mike.7,0,1,748,1158
2137106,Enriquetecalle,0,0,0,2087
2137113,xvr6,181,0,0,2088
2137132,Zintzo,0,1,1970,798
2137133,Janire5,105,1,3017,631
2137186,Ramses2015,0,3,3329,595
2137188,Tatochurpa,19,31,163739,21
2137298,vktorm14,75,12,40891,206
2137395,xotoman,0,0,0,2089
2137541,Siege,68,11,39283,211
2137564,talaia,250,1,621,1221
2137815,parca,0,1,26,1879
2138001,Caballero+Jedi,0,0,0,2090
2138229,ciberdelta,0,0,0,2091
2138323,mutante82,0,1,387,1387
2138682,Ricardo+1619,261,1,2452,699
2138771,alvaro,0,1,287,1457
2139121,Fernandex,0,1,208,1538
2139653,lestad,0,1,217,1525
2139654,IchRechneEnglisch,179,0,0,2092
2139716,kingwargene,0,0,0,2093
2139741,Egeso,28,5,15420,321
2139785,Alexisjvfor,0,1,117,1677
2139864,Zincker,68,0,0,2094
2140134,m.moralesj,3,8,40377,209
2140228,Juancri85,170,1,301,1450
2140233,LEGIO1978,260,1,2018,779
2140286,ASC94,0,1,968,1084
2140305,Chaco38,0,1,1009,1068
2140333,Sinsinati,77,1,1239,993
2140334,teenwolf,35,1,1227,999
2140408,Acerop,0,1,205,1542
2140446,HEAT,0,1,1299,972
2140502,Jhontello2,139,5,25923,260
2140537,iop69,171,1,1923,808
2140559,EyShori,69,1,2352,716
2140584,Cobra,0,1,981,1078
2140679,St+Aniol,16,1,84,1705
2140980,ZODIAK+73,2,2,5146,479
2141000,Javatovic,0,0,0,2095
2141083,kranesh,132,1,299,1452
2141165,Montito,0,1,493,1330
2141273,ZafyrSR,0,1,44,1778
2141297,magiczgz,0,1,26,1880
2141487,TeoRueda,0,1,195,1554
2141578,eeeloy,153,0,0,2096
2141711,SirWalt22,0,1,890,1111
2141813,XXpoleas,176,4,7871,404
2141900,trunkado,0,1,657,1197
2141920,Demente,68,1,477,1337
2142015,hiper,0,1,211,1534
2142222,Drap,75,19,111642,56
2142246,Alien,0,1,26,1881
2142335,Llaa123,0,1,26,1882
2142481,Rey+Mavi,0,1,1715,861
2142482,Naruto,0,1,26,1883
2142486,Ataque+de+titanes,79,1,176,1598
2142538,raul989898,139,3,20290,291
2142802,javi-jvr,28,10,48990,167
2142901,Kylan,75,23,79506,88
2142923,Agraxe,171,1,3703,564
2143021,AsteroidDestroyer,0,1,56,1744
2143028,Tapioca,250,1,212,1532
2143264,LeonardoD14,41,1,1298,973
2143382,Montesdeoca,204,1,3445,586
2143421,Elfiuler,0,0,0,2097
2143526,hakikilaz,0,1,26,1884
2143609,ErNano,0,1,1398,941
2143687,Maiers,0,1,70,1728
2143714,Ramazzio,0,1,263,1478
2143715,anibal,2,1,2341,719
2144035,GUDARI,29,3,6940,423
2144056,albeert368,0,1,392,1382
2144281,ME+VES+Y+TIEMBLAS,139,8,33424,230
2144316,lord+gael,0,1,387,1388
2144326,Stutgart,0,1,187,1569
2144497,El+Palero,68,1,95,1696
2144655,Deixa+Pro+Pai,0,1,26,1885
2144772,david84,0,1,452,1353
2144972,davo,0,1,26,1886
2145005,metarg,0,0,0,2098
2145225,mase0425,260,1,3619,572
2145359,King+Arthur,69,2,1940,804
2145367,kirakias,69,1,1881,816
2145441,Mico78,15,1,1731,854
2145492,Torpe14Mota,200,1,1239,994
2145573,DAVID68,15,3,4301,522
2145649,Don+Alkimia,20,20,106870,59
2154755,S+E+N+P+A+I,0,1,26,1887
2168803,Rey+Pollito+de+Troya,2,1,2041,773
2170741,Se%C3%B1or+Daniels,0,1,676,1185
2170779,Prietuni,0,1,26,1888
2170896,serkan,68,1,1290,978
2170995,stevejudo,0,1,517,1285
2171013,BennyBirra,0,1,348,1416
2171024,Markus23,68,1,1965,799
2171390,Alfarinha,0,1,32,1790
2171434,Sunshiner,179,0,0,2099
2171487,idjas,2,1,1614,880
2171585,MarcAres,62,1,214,1527
2171625,silou,220,1,747,1159
2171639,TATARES,0,1,26,1889
2171820,oneko,0,1,26,1890
2171938,Arshex,10,17,88083,72
2171983,sintraxy,19,8,33591,229
2172056,marcosdela3,0,1,1695,863
2172065,jhonatan+6,79,1,127,1652
2172107,WebOo,0,1,815,1133
2172216,Nuitari,0,1,886,1113
2172610,kaotiko22,35,1,2556,688
2172741,Ragnar86,260,2,3328,596
2172761,1msc,20,7,39209,212
2172838,Lucian,20,14,72439,98
2172891,SalvaUmbert,0,1,923,1102
2173040,nortamort28,77,1,1825,829
2173075,theoneseus,237,3,5693,456
2173210,LSM16,181,1,26,1891
2173233,DON+GABRIEL,0,1,218,1524
2173262,abryrv,0,0,0,2100
2173272,Cincro22,0,0,0,2101
2173300,Elgranlitri,0,1,117,1678
2173364,yonkone,167,5,11466,358
2173499,Al+Bundy,0,1,26,1892
2173649,Iurde,0,0,0,2102
2173719,Cafucas69,0,1,1188,1016
2173766,Hunaku,0,0,0,2103
2173782,yoelbulo,0,1,622,1219
2173804,smokee,9,1,1750,848
2173921,Lord+Varowilis,179,1,2259,731
2173977,noega,217,1,707,1177
2174060,cpthaddock,0,3,9764,377
2174102,Jerryjgj,167,10,71432,101
2174108,enek00x,0,1,121,1673
2174163,alfrava007,69,5,12194,352
2174198,Speakeer,0,1,2001,785
2174202,Mauri,0,0,0,2104
2174544,-RoyalFlush-,0,1,1031,1065
2174595,JohN+Connor,0,1,26,1893
2174644,Mojarra22,0,1,209,1536
2174772,wicky5,15,6,12308,350
2174793,zSPeeDZoom8ii,0,1,79,1714
2174871,RGR10,29,1,2815,656
2174904,Chambon,120,3,10155,371
2174905,Alvarocnk92,167,12,49308,166
2175032,gerente+calvo,0,1,102,1692
2175100,rick1,15,2,3707,563
2175174,xinaco,167,7,27479,252
2175287,CaRaBaMa,0,1,220,1519
2175305,lomadela,0,1,363,1401
2175306,Zealot.,0,1,336,1424
2175357,Soracai1,0,0,0,2105
2175504,reigodofwar,0,1,26,1894
2175505,Mksl,0,1,801,1137
2175542,Taavo,0,1,527,1273
2175660,to%C3%B1i,200,1,3966,541
2175784,joosee1901,0,1,2624,682
2175860,YELLOWCAT,15,2,1997,788
2175878,Juniors87,160,1,2380,714
2175970,Boman,0,1,1853,825
2176068,Marco+Deluxe,2,1,1294,974
2176087,mai93,260,1,174,1602
2176116,HugoPK,41,1,606,1229
2176170,te+lo+meto,0,1,26,1895
2176243,Sa%C3%BAlconquistador,0,0,0,2106
2176348,Zara+Home,250,1,632,1206
2176355,Sir+Pol,171,1,2662,677
2176434,Urtugrul,160,2,4309,521
2176484,seergio,200,1,3989,537
2176589,sisqui,0,1,278,1468
2176591,F31T0,248,3,10048,374
2176594,Sr+de+los+anillos,0,1,254,1482
2176663,Armisen,0,1,3205,613
2176673,Placeres91,19,14,55675,144
2176707,Reberlin,35,1,2154,750
2176735,ishbal89,28,4,6084,444
2176774,Cire20,0,1,1523,904
2176830,Lysithea,28,5,10890,364
2176880,castrori,15,2,2088,766
2176921,Demoperro,0,1,3749,558
2176932,LastKingdom,105,1,1294,975
2176933,PericoSanchez,0,0,0,2107
2176949,Dbz2025,0,0,0,2108
2176950,Atletico,136,1,3739,559
2176951,JuanCarlos1,0,1,1401,939
2176985,dinamicshow,3,12,52586,155
2176997,Wikkypedia-tra,10,12,55424,145
2177058,FerminTrujillo13,0,0,0,2109
2177105,gallego94,19,11,43900,191
2177122,Olivermdc,162,2,3698,565
2177144,javiiperez,167,13,52598,154
2177166,anto9624,0,1,26,1896
2177225,Ostias,68,1,1861,820
2177255,Agatha,0,1,26,1897
2177264,JaimeMister,0,1,2765,660
2177327,Kiste,0,1,364,1405
2177328,Rey+Viriato,105,1,1096,1045
2177329,Sergi,0,1,184,1575
2177331,Ainara,77,1,1318,964
2177332,Quim10,77,1,1430,930
2177342,Diox,181,1,2165,746
2177379,galakrisna,237,1,3826,553
2177523,NDLGXG,137,1,175,1599
2177554,Mofitex,1,4,20259,292
2177584,JAVDEN,0,1,26,1898
2177589,ivangtz,0,1,26,1899
2177595,EVETEO,231,2,3377,592
2177606,miguelmarques777,237,1,1215,1006
2177634,diegomp,0,1,26,1900
2177696,Sil3nt.Hill,20,69,214372,8
2177697,VoidHammer,0,1,181,1587
2177698,SkullShift,0,1,1201,1014
2177699,HexBreaker,0,1,2154,751
2177721,GrimEcho,0,1,1805,836
2177722,Drox,0,1,1386,944
2177723,DiegoM,0,1,41,1784
2177724,Manuel07,0,1,1771,843
2177731,condesewerton,0,1,669,1189
2177754,Guifr%C3%A9,0,0,0,2110
2177759,maxbaires,75,11,48149,171
2177766,Hectorrecio,105,1,2733,667
2177768,Denis10,0,1,3182,611
2177769,Rodrigou,62,1,2925,640
2177770,Javater,41,1,1653,872
2177802,Ulian,84,1,589,1235
2177807,V+O+L+D+E+M+O+R+T,0,0,0,2111
2177858,Kal+El,3,8,24921,267
2177881,THE+HUNTER,204,1,3091,621
2177914,Dylan,0,0,0,2112
2177931,NoBrainAmigo,0,1,26,1901
2178061,ADHD,0,1,26,1902
2178074,Cristi,0,1,1794,839
2178075,Tonichu,0,1,184,1576
2178076,Carnivalsaw,82,1,1349,954
2178077,SpaceJam,105,1,1603,887
2178078,Spiderman,0,1,190,1562
2178079,Koke10,0,1,3189,610
2178080,Juanantonio,0,1,187,1570
2178081,Destroy,82,1,1919,810
2178082,Vital,79,1,2096,762
2178083,Elena08,82,1,181,1588
2178122,Ivan+montana,77,1,1263,985
2178123,Uthred,77,1,1254,988
2178130,Barreiro,0,1,26,1903
2178131,TrabaLindo,0,0,0,2113
2178132,003alexander,0,1,382,1389
2178140,zuruto,136,1,5764,450
2178141,javi99,0,0,0,2114
2178148,Jrlf,0,0,0,2115
2178156,albertomc,200,2,4569,504
2178199,PanBimbo,77,1,1305,970
2178200,Panfleto,0,1,1254,989
2178202,Pajuelo,0,1,1331,958
2178203,RonCola,77,1,1655,870
2178204,Beethoven,259,1,526,1274
2178205,BobEsponja,0,1,247,1494
2178206,PepitoDepito,0,1,1364,950
2178451,ROMEO249,181,2,3411,587
2178467,Mamen,250,1,2154,752
2178475,Ernestom,41,1,2394,711
2178560,%2A%2ADarkness%2A%2A,0,1,458,1347
2178569,Rugged+Territory,179,1,381,1390
2178580,younes,0,1,26,1904
2178602,jvise,171,1,2389,713
2178638,pereira1790,260,1,454,1352
2178691,PORTUGA+DIAMOND,0,1,26,1905
2178744,PrT-,0,1,26,1906
2178802,Ortadri,85,1,2752,662
2178808,ainhara,85,1,5479,464
2178811,FUNEBRERO,75,14,44154,190
2178833,RESISTENCIA,0,1,247,1495
2178892,capdeferro,179,0,0,2116
2178927,magazu22,85,1,2925,641
2178951,aderiel,85,1,3068,623
2178966,ticotico,85,1,3850,549
2178972,ginola,85,1,3672,566
2178973,pecoso,85,1,4082,531
2178984,almudina,85,1,2854,649
2178986,hachafilada,85,1,2759,661
2179006,pi%C3%B1acolada,85,1,2406,709
2179007,rayodeacero,85,1,2020,778
2179017,bobesponja27,85,1,2361,715
2179018,roquenublo,85,1,6148,441
2179026,tropical,85,1,2446,701
2179027,therese,85,1,2308,724
2179029,CatBerryVT,19,7,25965,259
2179030,diegoncre,116,1,249,1490
2179037,GeminisSaga,2,2,5715,454
2179061,Ignea,68,1,3116,620
2179095,CapitaRoger,181,2,4603,502
2179107,Delphy,85,1,2328,720
2179108,sonic,85,1,2077,770
2179170,PlsSlap,2,3,6014,447
2179188,Se%C3%B1or+Victor,0,1,355,1406
2179191,uchihanear,0,1,1052,1057
2179243,criistian,0,3,4919,492
2179275,Ditalco,0,1,1938,805
2179320,visionesextra%C3%B1as,0,1,775,1151
2179322,Bolsitadecaramelos,176,1,497,1326
2179326,kuty666,41,1,814,1134
2179358,onunez,0,1,143,1631
2179393,Extremanecesidad,0,1,26,1907
2179394,CalidadMax,75,66,338546,3
2179399,MaGaMe72,0,0,0,2117
2179400,NEIBRAVO,0,1,792,1143
2179411,.Lamine.,0,1,1292,977
2179412,-Torete-,0,1,1169,1022
2179413,From,0,1,1318,965
2179414,pizzahat,82,1,3985,538
2179433,Righoxx,0,1,668,1190
2179460,SIR+HALCON,171,1,2219,741
2179488,Visigodos,28,1,8227,398
2179493,gcornide1031,260,1,3034,628
2179516,Shev,19,11,81041,85
2179523,N4n1s3,0,1,26,1908
2179524,Kais+montana,181,1,1069,1054
2179552,Duki,0,4,13283,342
2179564,NuZeu,0,1,433,1363
2179612,Xaviersp91,179,1,1689,864
2179627,Hotweels,0,1,182,1581
2179726,enmicabezahayalguienmas,0,1,772,1152
2179727,Mealimentodetumiedo,176,1,6873,425
2179728,SupeR+AcTiVsIoN,259,1,1455,920
2179790,soyleyenda,0,1,1138,1035
2179791,Valeera,0,1,190,1563
2179792,Warlock,82,1,1647,874
2179793,Angelo1,0,1,1618,878
2179794,janet,82,1,1315,968
2179795,Dani88,0,1,1315,983
2179796,Iban,0,1,1540,905
2179797,Teresniha,0,1,3172,614
2179807,AORISTO,0,1,355,1407
2179847,Alzai,0,1,3545,576
2179975,guadacasca,105,1,1808,835
2179988,Averigual0,69,7,18919,299
2179989,NeMm,28,5,17159,310
2180058,joxema91,0,1,26,1909
2180062,Zab%C3%B3jca,0,1,76,1718
2180087,pepsi,62,1,1286,979
2180088,%2Aeduard%2A,0,1,3912,544
2180089,tumolas,0,1,1667,867
2180090,daxit3000,0,1,1242,991
2180091,Josep10,0,1,1580,889
2180092,ToniTWs,0,1,1858,821
2180093,Minijuegos,0,1,3531,577
2180094,Cupra2,0,1,1989,791
2180095,YESTE,0,1,1269,984
2180096,FRmaximus,0,1,2213,743
2180125,Negreira,9,1,190,1564
2180143,kuro,0,0,0,2118
2180147,Chef+zeff,0,1,26,1910
2180148,Usopp,0,0,0,2119
2180152,Mr+Jagger,0,0,0,2120
2180194,kurcha,9,0,0,2121
2180201,Ragnar+Lothbrotk,9,1,147,1629
2180297,waspeis,2,2,6332,435
2180401,King75,26,1,597,1234
2180431,Sr.Makako,0,1,26,1911
2180461,Ra%C3%BAl+80,0,1,2154,753
2180532,Yolanda+Smith41,0,1,1798,838
2180533,Vaughn+Roob32,0,1,5184,476
2180534,Mae+Legros,0,1,1041,1063
2180535,Drake31,0,1,1234,997
2180536,Houston+Prosacco5,82,1,1395,943
2180538,Kaden+Armstrong23,0,1,1162,1025
2180539,Kiarra+Rodriguez9,0,1,1741,851
2180547,Cesar+Cruickshank,0,1,1524,903
2180548,Shad74,0,1,1521,906
2180620,Fakkrr%C3%AD,181,1,725,1169
2180626,Fakle,139,6,14452,333
2180638,LeoM57,69,1,2819,654
2180651,prz17,0,0,0,2122
2180662,KingSeven,15,2,3591,573
2180768,toniik,0,1,528,1271
2180825,FranB,200,1,3459,584
2180923,Paoli,254,1,1864,818
2180955,Daran,250,1,2811,657
2180995,Ivka,0,1,942,1092
2181023,Yavanna,0,1,137,1635
2181025,fernandorv,0,1,1293,976
2181026,Eloy7,41,1,329,1428
2181032,cucuy,0,1,632,1207
2181051,KingRagnora,0,1,71,1727
2181075,cuervoscuro,69,2,8600,392
2181101,Squalo364,19,8,53137,151
2181104,hailsup,2,2,4446,512
2181141,Bbkeeem,0,1,673,1186
2181199,Landersa,0,0,0,2123
2181209,Super+Saiyan+6,0,1,1240,992
2181217,Meres,120,5,14313,336
2181219,nitr0foska,41,1,3548,574
2181245,gaalo16,181,1,720,1171
2181298,PadrePrimerizo,19,5,21031,286
2181331,KuKuRiCa+olivy,0,1,26,1912
2181338,Aldair,241,1,1221,1004
2181421,ardala,0,1,149,1625
2181428,Benjass,29,0,0,2124
2181431,cieguin-55,19,10,31682,235
2181476,Paganos,10,8,39176,213
2181488,betosan123,0,1,248,1492
2181522,elfukingallego,0,1,26,1913
2181523,adrirf,120,4,15036,324
2181542,PepperoniGuy,167,13,65081,121
2181647,poli2728,0,1,808,1135
2181669,lacabra,139,7,20594,289
2181676,elquetecoje,0,1,971,1082
2181688,Zhukov,69,1,2734,666
2181694,cornelio+escipion,2,1,3327,597
2181708,gaprii,19,10,43224,195
2181744,pucelano,0,1,456,1350
2181768,Said153,0,1,345,1421
2181774,AndrewZeus,19,6,25287,266
2181789,palasito26,162,4,13335,340
2181807,Polizzia,79,1,1721,860
2181809,MyGE,0,1,4698,500
2181811,Natos,0,1,1728,855
2181818,Juankitanke,0,1,184,1577
2181819,Grupetto,105,1,1779,842
2181824,jesuggc,0,0,0,2125
2181835,Angellp,250,1,1135,1039
2181837,Letonkin,250,3,11769,353
2181847,Javivu24,0,1,376,1392
2181860,Pochola+Silva,26,1,26,1914
2181865,jedom,15,1,2456,698
2181891,ZoencilloGT1,167,10,58007,138
2181941,Zaire95,0,1,984,1075
2181972,Omixam,29,1,659,1195
2181974,kilates,85,1,289,1464
2182006,Braicks,0,0,0,2126
2182015,andresbcp,0,0,0,2127
2182026,Coke+Espi,0,1,26,1915
2182027,LUISXXV,69,1,26,1916
2182034,SAOSAR,69,6,11633,355
2182060,Kiaram.,79,1,195,1565
2182061,Kraken.exe,0,1,2238,733
2182062,AFKEterno,105,1,187,1571
2182063,Pointnull,0,1,8219,399
2182064,Velkhar,0,1,184,1578
2182065,Elultimopeon,0,1,2875,647
2182082,A+n+d+r+e+s,0,1,26,1917
2182083,julioguerrajr,41,1,273,1470
2182121,Justin4,2,5,15700,319
2182124,PabloBernal304g,0,0,0,2128
2182125,sweetdevotion,0,3,7898,403
2182135,BierKrugal,0,1,121,1674
2182145,ReyChesco,167,15,131441,40
2182155,J279,0,1,461,1345
2182169,Feanor14,15,1,3320,600
2182227,rewer,139,4,18669,303
2182228,D.+Andriu,137,1,623,1217
2182237,PrefeitoRico,0,1,586,1236
2182242,Miriamemilce,237,1,1049,1059
2182246,Kobu,147,1,474,1339
2182257,Se%C3%B1or+Rocky,0,2,9004,388
2182260,Beticaca,139,5,15750,318
2182261,Fatiguita23,139,5,20762,288
2182267,DANGOMHIJ85,19,8,41320,203
2182271,Galletor,139,5,29108,243
2182274,Nilhathak,0,0,0,2129
2182275,FranckLeo,0,1,2276,736
2182276,jonmpy,211,0,0,2130
2182287,Rey+escanor,69,5,4238,525
2182307,bokerone,0,1,930,1100
2182309,Xitboy,0,1,47,1771
2182326,zabalon,0,2,905,1107
2182344,Eduardo5,204,1,1220,1005
2182356,pereha,0,1,673,1187
2182357,SkillBlackies,0,3,1440,927
2182386,Alma+guerrera,69,4,10971,362
2182398,Sir+daniel,0,1,635,1205
2182584,Dimitry7,0,1,192,1557
2182610,XDIUX,35,1,1616,879
2182710,Earnur,0,0,0,2131
2182830,Airamkaox,0,0,0,2132
2182836,Muji,0,2,1801,837
2182840,kito24,194,1,1542,898
2182955,centollo,0,1,1149,1030
2182957,Babuino+IV,0,1,379,1391
2183042,Polaris+hudson,0,0,0,2133
2183051,SusoV,0,0,0,2134
2183126,Mencey,200,7,19249,296
2183181,LUCARIO+III,0,1,1007,1069
2183201,benjaminp2,0,2,1399,940
2183227,CR7pt,182,1,159,1617
2183233,El+domador,0,0,0,2135
2183234,Churumbel+de+malaga,0,0,0,2136
2183238,omega92,93,1,901,1109
2183239,Miauzer,0,1,2141,757
2183251,Stevs,200,3,4203,527
2183254,jorge7777,77,1,1660,869
2183273,Hypercell,0,1,136,1637
2183281,Highlander,69,2,2516,692
2183283,caritoz13,0,1,26,1918
2183314,djfonty,120,4,13126,343
2183397,Fhar,24,3,6515,433
2183407,Carnicero+52,254,2,3893,546
2183422,jesusca,69,4,9528,382
2183428,Gellert+der+Nachtalb,245,1,483,1335
2183441,Invitado183441,0,1,243,1499
2183448,Segarro+Amego,20,11,58821,134
2183451,Antigona22,181,1,409,1374
2183455,Peterman,15,3,4030,535
2183470,Rey+Andrews,15,1,3248,605
2183480,MrIgual,0,1,1857,823
2183481,Rey+kafka,154,7,40218,210
2183482,el+faliyo+de+san+roke,20,8,32192,233
2183483,xinamo92,19,15,81878,84
2183486,miguelbarajas,29,1,4226,526
2183488,kaeru,0,1,26,1919
2183490,Parrusko,19,8,35652,222
2183491,Danasta,19,32,154985,25
2183493,AlenHalloween,182,1,765,1155
2183545,Phibius,0,1,83,1707
2183546,Smasher73esp,204,1,3373,591
2183599,Minority+Slayer,0,0,0,2137
2183601,Willy41,0,1,5143,480
2183603,Whale.CapitalInvestments,0,1,26,1920
2183605,kanario85,139,4,10420,369
2183607,Invitado183607,0,1,661,1194
2183613,AcAJe04,0,0,0,2138
2183616,DRXSGO,15,1,4902,493
2183634,mgsean,139,3,7662,407
2183635,Luluprime,35,1,1636,875
2183638,RIKITA,176,0,0,2139
2183639,Reyleon,69,1,716,1172
2183642,FasitoRico,3,5,23048,279
2183643,Troya,0,0,0,2140
2183650,Korin,0,0,0,2141
2183797,Glinzky,0,1,631,1210
2183798,znnarks,0,1,26,1921
2183801,reus+city,0,1,495,1327
2183804,Madmardigan,139,7,36711,218
2183840,Combustion,0,0,0,2142
2183845,Indio,160,0,0,2143
2183846,Fcoescobar,0,1,26,1922
2183901,Changoo,0,0,0,2144
2183955,UnTalCevagros,0,1,26,1923
2183957,Sun+Tzu,69,5,10050,373
2183959,janroca,0,0,0,2145
2183970,Catho,171,3,5729,453
2183996,Nicopg31,0,1,26,1924
2183998,JeyMamon,28,4,17938,306
2184011,DerraDrift+ESP,0,1,44,1779
2184013,jotabe,0,1,206,1539
2184021,Ramelgo,0,1,1575,891
2184028,OrlandoRega,0,0,0,2146
2184052,PPBanker,0,1,559,1252
2184056,polux,0,1,3656,569
2184114,Valeria,2,5,14828,327
2184117,Luckie82,137,0,0,2147
2184119,Aitor94,0,1,359,1403
2184134,Dendere,0,2,6211,439
2184141,matgaiden,210,1,3347,594
2184150,sebastianga,111,2,6650,429
2184155,Blackpuma1,29,4,5691,455
2184160,Shadowtactician,0,1,2164,747
2184165,Chapa,0,1,1013,1067
2184168,Invitado184168,0,1,308,1444
2184171,landertxu31,41,1,26,1925
2184172,manolo,126,1,350,1412
2184174,betwo,200,3,5404,466
2184178,alexmc81,0,0,0,2148
2184187,fhenix,0,2,1223,1001
2184189,Tony+33,126,1,788,1146
2184193,Invitado184193,126,1,184,1579
2184201,Blublu,0,1,329,1429
2184203,Merluska,3,9,22612,281
2184204,JasonRech,29,6,28882,245
2184205,jroberto,111,3,5194,482
2184207,bigua,0,1,770,1154
2184210,Escipio,3,6,14086,337
2184213,Allegaeon,10,5,15351,322
2184214,Perscrutador,0,1,68,1732
2184215,seren4x,176,2,9637,379
2184221,patxiforet,0,0,0,2149
2184223,Gaucho,2,2,5004,488
2184234,ArGoN89,2,1,866,1118
2184237,jaju97,237,2,885,1114
2184241,Miji,0,1,50,1759
2184243,kidok,237,1,26,1926
2184245,Chiru9,0,1,499,1325
2184247,desert+fox,0,1,1836,827
2184250,Tilin3000,0,0,0,2150
2184251,BHOficial,176,5,26021,258
2184255,Juliux,171,1,928,1101
2184257,Julieta0898,0,1,239,1507
2184271,Meli91,0,0,0,2151
2184275,Kaiser06,0,3,6979,420
2184278,diiegithop,0,1,26,1927
2184280,GTReaper,171,1,1547,896
2184285,leonel111,111,3,8245,397
2184286,reciofal,171,1,1080,1053
2184287,wacosta11,0,0,0,2152
2184289,Sweak,200,1,2896,644
2184295,juank1000,260,2,3806,554
2184316,maurorosariocentral,35,1,658,1196
2184321,esteiko,204,1,26,1928
2184323,Josien,160,1,3464,583
2184324,ToxidadeZero,75,14,70940,102
2184332,blatget20,0,1,2780,659
2184337,hyey,0,0,0,2153
2184338,Majo,0,1,26,1929
2184340,maieve,0,1,40,1785
2184341,obijuancls,0,1,544,1257
2184342,LinkExtremo,2,1,314,1439
2184343,JD.Peron,0,1,733,1165
2184349,Alkimim,0,1,191,1558
2184350,iacobus,29,2,4824,495
2184359,Matu.singanas,204,1,2154,754
2184368,gian022,0,1,1317,966
2184373,buenrollitoo,0,0,0,2154
2184375,Runi,250,0,0,2155
2184378,Lyna,111,7,23882,274
2184384,Castiello,111,1,2447,700
2184385,Argon001,192,1,26,1930
2184386,Marcol,200,1,1182,1018
2184389,elisenseramirez982,35,1,2995,636
2184395,SergiiiCH,200,1,3401,589
2184396,Zetyuci,0,1,940,1094
2184399,Invitado184399,0,1,833,1127
2184401,SR334,200,1,1920,809
2184411,El+Redentor,260,1,3756,557
2184417,Invitado184417,0,1,26,1931
2184419,Calser96,217,1,372,1394
2184422,Eduardo+Primero,0,1,26,1932
2184423,the+master+ray,29,2,3956,542
2184427,GabrielOs,181,4,5530,462
2184431,Hecks,207,4,5749,451
2184433,Areskillah7860,0,1,440,1359
2184434,wallachacds,35,1,1755,846
2184435,Heizoc,41,0,0,2156
2184436,trunes222,181,3,6265,437
2184441,Jdavid,0,1,1351,953
2184444,Reyiron88.,0,1,371,1395
2184447,lljonan,204,1,3308,601
2184448,Southernman,207,4,4838,494
2184450,minie+mouse,0,1,834,1126
2184452,rolome0,204,1,1981,793
2184458,caneloalvarez2010,111,2,3149,617
2184461,Smootheric,0,0,0,2157
2184474,GlobuloRojo22,0,1,222,1516
2184476,Elbocha,0,1,26,1933
2184479,Elreymercurio,69,2,1021,1066
2184485,m1ku,0,1,902,1108
2184490,Jackson+five,0,1,26,1934
2184496,YovannyCL,111,1,2743,664
2184498,SebaMPX,0,1,1538,900
2184500,Wendylu,111,1,651,1199
2184503,PAPOTICO,0,1,551,1253
2184505,HooLeeShet,41,1,182,1582
2184508,bau239,200,1,3404,588
2184509,Aduztu,0,1,26,1935
2184514,WilkSamotnik,0,1,87,1702
2184515,rojofull,2,1,2030,777
2184516,conpocomelomonto,29,1,2008,782
2184517,KinoDT,35,2,3973,539
2184521,lioe,0,1,222,1517
2184522,barniz,0,1,940,1095
2184523,Alfredo50,69,1,1138,1036
2184524,astro168,0,1,90,1698
2184526,Pelopetanka,250,2,3946,543
2184528,NestorCS,0,1,179,1591
2184530,Aztecas.Mexico,0,1,70,1729
2184532,boby13,41,1,173,1604
2184533,Invitado184533,204,1,1093,1048
2184535,Pacheka7,204,1,2817,655
2184537,Nogard,0,1,177,1596
2184538,Rodrineitor,0,1,32,1791
2184539,sz3kii,0,1,53,1753
2184540,Rey+Agatha,0,1,32,1792
2184541,SiTaeL,200,1,1784,841
2184551,Se%C3%B1or+Tarik,0,1,428,1367
2184552,elkuki69,2,1,1547,897
2184553,alle82,41,0,0,2158
2184554,EXTEME22,29,1,981,1079
2184555,asoriao,0,1,33,1788
2184556,TheMamb%C3%AD,0,1,76,1719
2184557,Cantaleon,220,1,1450,923
2184558,merce,0,1,78,1715
2184559,Facull2025,229,1,235,1509
2184561,Rey+Figo,0,1,68,1733
2184562,returnedvertix,0,1,26,1936
2184563,TheBeast,207,1,710,1176
2184565,gorio,0,1,75,1721
2184566,Srta+Ahri,0,1,305,1448
2184567,.Zombie%3F,0,1,26,1937
2184568,Eisen.Dragao,0,1,508,1291
2184572,TriggerKitten,0,1,283,1465
2184575,Pedro+Javier,0,1,85,1704
2184576,Albus,200,1,1484,914
2184577,Willcomander,0,1,26,1938
2184579,Tilin3000reload,2,1,580,1239
2184580,Juancho+Marqu%C3%A9s,0,1,2421,707
2184581,miramunt,0,1,108,1688
2184582,xtemplariosx,0,1,182,1583
2184583,Del+Ni%C3%B1o,69,1,2124,759
2184601,sM17h,0,1,54,1748
2184607,Invitado184607,0,1,75,1722
2184621,LaPatrona,0,1,54,1749
2184709,Leonidass,0,1,43,1781
2184792,villy,0,1,32,1793
2184793,Sabalero,181,1,263,1479
2184794,...Morte...,0,1,26,1939
2184797,txiiinooo888,200,1,489,1332
2184798,DORIAN,0,1,75,1723
2184799,vicadeol,0,1,271,1471
2184800,PepinakeR,0,1,175,1600
2184801,urci,0,1,2225,737
2184803,Kingdeninci,0,1,26,1940
2184804,lycp,200,1,576,1244
2184805,Invitado184805,0,1,59,1742
2184806,ATNEMROT,77,1,2270,728
2184807,dr0guitos,0,1,214,1528
2184808,Niltsiar+dMystra,0,1,46,1774
2184809,rafifi1992,0,1,653,1198
2184811,costranostra27,0,1,77,1717
2184812,asd123456789,0,1,26,1941
2184813,Cixo,0,1,26,1942
2184814,extremer67,0,1,163,1613
2184815,t+fuiste+garchado,0,1,48,1768
2184816,yeck,0,1,293,1456
2184821,M.C.,0,1,175,1601
2184822,Tornes,181,1,390,1384
2184823,DEXTER+MORGAN,0,1,52,1755
2184824,Invitado184824,0,1,55,1747
2184828,Hyster,0,1,529,1276
2184836,Claudee,0,1,26,1943
2184837,Invitado184837,0,1,100,1693
2184838,hoehoe,0,1,50,1760
2184843,NinoPutodasPraias,0,1,48,1769
2184845,Uvala,0,1,26,1944
2184847,Colombian+Soldier,200,1,1258,986
2184848,Jos%C3%A9+fajardo,0,1,26,1945
2184849,Invitado184849,0,1,26,1946
2184850,MotoZero,0,1,161,1616
2184851,Alee23,200,1,388,1386
2184852,Alraban,35,1,1134,1040
2184855,wallybalta,0,1,99,1694
2184857,pesadilla,0,1,64,1737
2184859,magna,0,1,54,1750
2184861,ketnio,0,1,32,1794
2184862,Invitado184862,0,1,197,1552
2184863,folkz,0,1,1301,971
2184864,Hobbith2,0,1,88,1700
2184865,Balnur,207,1,461,1346
2184867,mescal,0,1,246,1497
2184868,ReivaX,0,1,54,1751
2184870,Invitado184870,0,1,243,1500
2184871,ELPARAETO,220,1,448,1354
2184872,josendin,0,1,1440,928
2184874,Profeback,264,1,938,1097
2184875,Invitado184875,0,1,50,1761
2184877,Miguel14,0,1,727,1168
2184878,CORME,0,1,47,1772
2184879,jonas,0,1,80,1713
2184882,tiagopoli,0,1,26,1947
2184884,ronda,0,1,26,1948
2184885,Gcko,2,1,582,1238
2184889,andresmdg,0,1,183,1580
2184890,ReydelaVictoria,0,1,26,1949
2184892,Invitado184892,0,1,32,1795
2184893,Lady+Edme,0,1,400,1378
2184895,tigaelgt,0,1,32,1796
2184896,Arkronz,0,1,110,1686
2184897,T+I+A+G+O+t+e+n+N,0,1,26,1950
2184898,Alber7o,0,1,81,1712
2184899,gabrielgalego,0,1,82,1710
2184901,TeAnikilo,0,1,178,1593
2184908,minion2034,0,1,138,1634
2184909,gabrielgalego3800,0,1,26,1951
2184910,A.c.maximiano,0,1,32,1797
2184912,Sr+Platano,200,1,626,1215
2184915,dannymir97,0,1,201,1547
2184916,Legna,0,1,124,1668
2184919,Destro%C3%A7ador20,0,1,26,1952
2184920,Cabezadevaca,0,1,651,1200
2184924,zack19,0,1,54,1752
2184925,Invitado184925,0,1,117,1679
2184926,Abril,0,1,86,1703
2184927,Ismanu2910,0,1,26,1953
2184928,Monoera,0,1,253,1484
2184932,-%3DJ+sz+B%3D-,0,1,396,1380
2184933,ScraperP,259,1,540,1258
2184934,Bomboncito18,0,1,45,1775
2184937,Ilegaldie,204,1,532,1264
2184938,Invitado2000,259,1,518,1284
2184939,xEMPRESS,0,1,61,1740
2184940,Chejote,0,1,26,1954
2184941,avermonguar,0,1,126,1653
2184943,deepvagu3,0,1,508,1292
2184944,brinonbogen,0,1,508,1293
2184945,wickbrann7,0,1,537,1260
2184946,vindmantle,0,1,508,1294
2184947,Spire+White,0,1,508,1295
2184948,knokkelmori,0,1,501,1320
2184949,quillFugl,0,1,537,1261
2184950,Fuego+Wick,0,1,508,1296
2184951,mrVineFjell,0,1,508,1297
2184952,MuroGarra,0,1,508,1298
2184953,onyxrittmort,0,1,529,1269
2184954,trotzcuervo9,0,1,508,1299
2184955,rojocask,0,1,508,1300
2184956,duna-hono7,0,1,529,1282
2184957,hammerglass,0,1,508,1301
2184958,st4lkpyre,0,1,516,1287
2184959,schnellkuorscar59,0,1,508,1302
2184960,howlhund4,0,1,501,1321
2184961,CabrerAntrax,0,1,68,1734
2184962,h1erroskygge,0,1,508,1303
2184963,hollowZang,0,1,508,1304
2184964,LoupWildWhite,0,1,508,1305
2184965,nochxwither,0,1,508,1306
2184966,shroud9,0,1,508,1307
2184967,xzangetsu5,0,1,508,1308
2184968,ashon89,0,1,501,1322
2184969,FolhaSchnell,0,1,508,1309
2184970,derglass,0,1,508,1310
2184971,llamaxhush,0,1,529,1277
2184972,penhascous,0,1,516,1288
2184973,Ebon+Raid,0,1,508,1311
2184974,krieg02,0,1,56,1745
2184975,quarryt4ngle,0,1,522,1283
2184976,briarkurocuch,0,1,522,1286
2184977,yukiwache8,0,1,516,1289
2184978,desertoYama,0,1,508,1312
2184979,ztjernetide1,0,1,501,1323
2184980,smokeTorch,0,1,508,1313
2184981,grimtronco,0,1,501,1324
2184982,fl3uvekaze,0,1,508,1314
2184983,rokcia4,0,1,529,1270
2184984,pyreusquarry,0,1,524,1278
2184985,cony77,0,1,547,1256
2184986,derdragao,0,1,537,1262
2184987,corvo.root,0,1,508,1315
2184988,nicovich5,260,1,346,1419
2184989,fiammatetsu,0,1,508,1316
2184990,santanyi,0,1,44,1780
2184991,reefEspada,0,1,508,1317
2184992,Kalope01,0,1,143,1632
2184993,Blaiker,0,1,244,1498
2184995,Invitado184995,0,1,253,1487
2184996,Kaniel+Outis,0,1,26,1955
2184997,Dorn,0,1,214,1529
2184999,papablazy,0,1,75,1724
2185000,axxs,0,1,368,1397
2185001,Viriat0,0,1,354,1409
2185002,emigt,204,1,320,1438
2185003,arniux,0,1,49,1763
2185004,Paketero,0,1,166,1610
2185005,AlexViking,41,1,455,1351
2185006,Invitado185006,0,1,26,1956
2185007,Sirr,0,1,45,1776
2185008,deathcorexxx,0,1,193,1556
2185009,Invitado185009,0,1,26,1957
2185010,Chiwi,133,1,397,1379
2185012,Axelhammer,0,1,355,1408
2185013,Invitado185013,0,1,26,1958
2185014,Angelirola,0,1,53,1754
2185015,sangoten,0,1,26,1959
2185025,Invitado185025,0,1,75,1725
2185038,Klagenfurt,0,1,39,1786
2185039,tambete,0,1,323,1432
2185040,pedro15,0,1,26,1960
2185086,Invitado185086,0,1,26,1961
2185087,Thankard,0,1,243,1501
2185088,alejandrxrc,0,1,242,1502
2185095,Hugo1110942737477,0,1,26,1962
2185100,juanito33,0,1,180,1589
2185113,riske,0,1,26,1963
2185115,Alocer,0,1,191,1559
2185116,Romero71,0,1,144,1630
2185139,Crimetime,0,1,210,1535
2185140,jern18wild,0,1,129,1647
2185141,acier.yama,0,1,129,1654
2185142,fjorden,0,1,129,1655
2185143,thekitsune2,0,1,128,1656
2185144,jern8aquila,0,1,129,1657
2185145,derridge9,0,1,26,1964
2185146,cinder21foudre,0,1,128,1658
2185147,CorbeauQuill,0,1,128,1659
2185148,7hrush1ld,0,1,129,1660
2185149,krieburg,0,1,56,1746
2185150,xshadow79,0,1,129,1648
2185151,cielo-corvo,0,1,130,1643
2185152,RimeSpur,0,1,26,1965
2185153,nebelwashi,0,1,128,1661
2185154,c1elo0rm,0,1,129,1662
2185155,theArenaBrine,0,1,129,1644
2185156,darkwolke36,0,1,129,1649
2185157,brum3n0ir,0,1,26,1966
2185158,Echo.Foudre,0,1,126,1663
2185159,HollowRime,0,1,126,1669
2185160,aranha.hoshi,0,1,129,1650
2185161,Lua.Colline,0,1,126,1664
2185162,neoPyreMork,0,1,130,1645
2185163,xTuskKalt,0,1,130,1646
2185164,elVineFleuve,0,1,126,1670
2185165,Aco+Kamp,0,1,128,1665
2185166,areiaus58,0,1,129,1651
2185167,TrovaoSentry52,0,1,128,1666
2185169,Neocrusader,0,1,165,1618
2185196,Invitado185196,0,1,26,1967
